gene_id	sample_01|TPM	sample_02|TPM	sample_03|TPM	sample_04|TPM	sample_05|TPM	sample_06|TPM	sample_07|TPM	sample_08|TPM
ENSG00000008735	415.38	345.4	354.0	442.17	944.85	943.69	845.19	1003.87
ENSG00000015475	1469.35	2355.95	1918.91	4252.1	2344.72	3678.65	2883.17	1787.18
ENSG00000025708	5892.04	6455.95	7061.23	6140.74	4087.84	3719.29	3672.8	3627.24
ENSG00000025770	0.0	0.0	0.0	0.0	0.0	0.0	0.0	0.0
ENSG00000040608	3161.56	3196.25	2604.32	2893.12	1833.35	2081.19	1774.92	1394.59
ENSG00000054611	3641.94	3515.76	2992.1	3562.44	3658.27	3440.09	3232.44	3615.43
ENSG00000056487	0.0	0.0	0.0	0.0	0.0	0.0	0.0	0.0
ENSG00000063515	0.0	0.0	0.0	0.0	0.0	0.0	0.0	0.0
ENSG00000069998	1654.71	1703.33	1584.2	1550.46	2678.41	2526.87	2756.7	2765.0
ENSG00000070010	1251.13	1201.67	1111.04	1019.89	1699.94	1775.15	1279.36	1738.03
ENSG00000070371	6801.38	5664.5	5835.73	6486.14	6452.24	6852.46	5188.62	5317.54
ENSG00000070413	690.29	811.47	1486.55	921.99	891.26	636.67	873.22	1084.64
ENSG00000073146	2406.9	2377.31	2321.16	2275.22	1928.91	2343.51	1890.94	2096.64
ENSG00000073150	4348.64	4069.05	3773.07	3947.79	2795.49	3055.4	2718.56	2664.94
ENSG00000073169	0.0	0.0	0.0	0.0	0.0	0.0	0.0	0.0
ENSG00000075218	2099.31	2406.34	2163.46	2011.45	1688.81	1586.2	1313.44	1543.74
ENSG00000075234	0.0	0.0	0.0	0.0	0.0	0.0	0.0	0.0
ENSG00000075240	1113.82	1552.06	896.81	1623.79	1255.29	1801.77	1589.31	1350.75
ENSG00000075275	0.0	0.0	0.0	0.0	0.0	0.0	0.0	0.0
ENSG00000077935	1549.5	1697.13	1570.79	1513.05	1910.9	1720.46	1695.22	1587.61
ENSG00000077942	11596.67	12469.14	12363.62	11234.57	12589.12	11579.75	11774.19	11627.71
ENSG00000079974	3073.34	3538.13	3231.27	2933.63	2729.88	2768.41	2846.89	3267.47
ENSG00000093000	1736.17	1992.81	1780.25	2334.06	1445.48	1938.85	1512.87	1341.9
ENSG00000093009	4977.23	5023.61	5433.15	5030.14	5266.65	5369.26	4300.5	4991.6
ENSG00000093010	3316.25	3406.36	3383.59	2926.03	4963.49	4471.2	4084.05	5113.44
ENSG00000093072	1725.8	2523.7	2368.33	1935.0	2340.29	2283.86	2548.63	1958.75
ENSG00000093100	0.0	0.0	0.0	0.0	0.0	0.0	0.0	0.0
ENSG00000099889	0.0	0.0	0.0	0.0	0.0	0.0	0.0	0.0
ENSG00000099899	1065.65	2229.63	946.79	1814.09	2875.88	1809.62	1526.54	2127.05
ENSG00000099901	3480.19	3227.92	3289.38	3028.98	2595.56	2346.86	2812.58	2559.01
ENSG00000099904	0.0	0.0	0.0	0.0	0.0	0.0	0.0	0.0
ENSG00000099910	0.0	0.0	0.0	0.0	0.0	0.0	0.0	0.0
ENSG00000099917	5040.04	3469.02	3994.99	4898.56	4144.37	4280.71	5483.15	4985.98
ENSG00000099937	0.0	0.0	0.0	0.0	0.0	0.0	0.0	0.0
ENSG00000099940	1058.17	1618.82	875.94	950.5	2416.55	2576.63	1356.84	3027.2
ENSG00000099942	1118.08	1229.75	1225.83	1046.24	971.36	937.94	900.87	649.77
ENSG00000099949	2897.13	3242.65	2649.99	2384.35	1446.59	1811.17	1945.02	1969.21
ENSG00000099953	0.0	0.0	0.0	0.0	0.0	0.0	0.0	0.0
ENSG00000099954	2011.37	1954.77	1938.3	1985.97	1439.46	1628.62	1728.08	1523.17
ENSG00000099956	4853.96	4751.33	4561.23	4728.94	3853.46	3402.34	3112.27	3510.55
ENSG00000099957	4171.99	5779.47	4200.86	4975.45	5630.35	5208.34	4271.68	4744.65
ENSG00000099958	1637.13	1503.52	1819.3	2422.14	1613.19	1186.96	1472.28	1505.47
ENSG00000099960	1750.31	1876.4	1914.55	1695.88	1858.48	1630.62	1640.35	1589.35
ENSG00000099968	1575.73	1963.7	1557.45	1744.17	1847.58	1623.33	1095.09	1534.66
ENSG00000099974	0.0	0.0	0.0	0.0	0.0	0.0	0.0	0.0
ENSG00000099977	0.0	0.0	0.0	0.0	0.0	0.0	0.0	0.0
ENSG00000099984	4618.98	4694.05	4787.17	5373.24	3036.63	2906.39	2729.61	2812.78
ENSG00000099985	1624.93	1187.87	1233.89	1399.18	1703.9	1470.83	1729.64	1989.44
ENSG00000099991	2032.2	1826.33	2047.57	1572.29	1539.03	1862.24	1632.74	1776.41
ENSG00000099992	1443.95	1172.52	2221.95	1240.52	1328.13	1584.52	1604.01	1639.93
ENSG00000099994	0.0	0.0	0.0	0.0	0.0	0.0	0.0	0.0
ENSG00000099995	979.9	1475.49	1345.92	906.56	3202.62	3655.13	3539.69	3239.47
ENSG00000099998	0.0	0.0	0.0	0.0	0.0	0.0	0.0	0.0
ENSG00000099999	4137.22	4402.2	4268.31	4684.36	6125.72	4782.92	6077.9	5169.67
ENSG00000100003	2908.7	3490.88	3291.4	3670.47	2276.45	1860.06	2961.21	2945.06
ENSG00000100012	1155.57	907.86	1073.65	565.06	2071.3	1766.49	1944.88	1945.6
ENSG00000100014	8352.67	8503.13	8777.93	7960.2	8135.92	8141.17	9560.44	9463.26
ENSG00000100023	39.78	66.8	54.06	41.13	90.6	47.87	40.72	22.77
ENSG00000100024	892.2	985.42	1006.6	913.09	704.13	782.99	615.85	678.8
ENSG00000100027	0.0	0.0	0.0	0.0	0.0	0.0	0.0	0.0
ENSG00000100028	0.0	0.0	0.0	0.0	0.0	0.0	0.0	0.0
ENSG00000100029	4935.53	5310.0	4219.28	4671.23	4298.52	4581.55	4214.93	4760.25
ENSG00000100030	2136.56	2390.9	2702.07	2557.72	1654.62	1530.83	1503.53	1376.58
ENSG00000100031	2868.48	1550.23	3556.59	3156.41	2564.42	2636.55	3703.77	2395.37
ENSG00000100033	2180.09	2275.83	1473.94	2558.53	1759.71	2045.16	1764.66	1652.93
ENSG00000100034	2731.18	2625.58	2216.32	1935.3	3302.51	3418.71	2712.92	3324.74
ENSG00000100036	717.13	672.92	565.29	639.33	794.58	612.55	694.95	632.08
ENSG00000100038	4006.94	3369.97	3411.41	2914.74	3201.87	2861.16	2602.67	2733.98
ENSG00000100053	0.0	0.0	0.0	0.0	0.0	0.0	0.0	0.0
ENSG00000100055	0.0	0.0	0.0	0.0	0.0	0.0	0.0	0.0
ENSG00000100056	0.0	0.0	0.0	0.0	0.0	0.0	0.0	0.0
ENSG00000100058	0.0	0.0	0.0	0.0	0.0	0.0	0.0	0.0
ENSG00000100060	1702.75	1737.57	2024.05	1834.51	1976.24	1871.69	1123.57	1770.58
ENSG00000100065	2086.46	1872.19	2238.96	1969.28	1845.82	1469.21	1404.55	1508.32
ENSG00000100068	771.83	1115.8	1015.74	896.71	1348.39	1360.97	1548.16	1863.36
ENSG00000100075	1865.16	2124.17	1704.63	1819.62	1458.19	1634.23	1417.93	1309.55
ENSG00000100077	2312.07	2100.1	2892.14	1803.95	1741.86	2418.79	1943.79	2414.65
ENSG00000100078	2005.67	2045.0	2109.11	1773.73	1181.54	1124.76	1068.38	1054.45
ENSG00000100079	0.0	0.0	0.0	0.0	0.0	0.0	0.0	0.0
ENSG00000100083	6125.06	6337.29	5218.3	5722.55	4859.54	5223.14	4670.21	5018.96
ENSG00000100084	0.0	0.0	0.0	0.0	0.0	0.0	0.0	0.0
ENSG00000100092	2817.02	2421.17	2506.24	3107.34	2121.21	1896.92	1567.88	1840.46
ENSG00000100095	767.22	837.9	640.56	660.31	1461.26	1591.53	1422.2	1199.33
ENSG00000100097	3722.32	4593.48	5485.1	3656.76	4529.1	5076.97	5272.77	5700.23
ENSG00000100099	1706.08	1778.29	1558.07	1945.16	1964.33	2080.69	1983.92	1753.86
ENSG00000100100	5695.65	4880.75	3175.25	3847.77	3879.1	3227.09	3153.1	3845.77
ENSG00000100101	0.0	0.0	0.0	0.0	0.0	0.0	0.0	0.0
ENSG00000100104	0.0	0.0	0.0	0.0	0.0	0.0	0.0	0.0
ENSG00000100105	0.0	0.0	0.0	0.0	0.0	0.0	0.0	0.0
ENSG00000100106	4526.34	4474.15	3531.09	4411.48	5732.73	5840.64	5550.4	5120.49
ENSG00000100109	4066.24	5098.02	5354.2	4659.24	4850.55	5142.74	4603.38	4588.65
ENSG00000100116	3095.87	3434.52	3438.38	2455.72	3919.18	4264.64	4213.66	3666.45
ENSG00000100121	5011.28	5551.91	4028.68	5169.03	3793.18	5773.37	3710.8	4279.76
ENSG00000100122	0.0	0.0	0.0	0.0	0.0	0.0	0.0	0.0
ENSG00000100124	2504.01	2359.42	2101.94	2394.68	2753.97	3526.33	2725.99	3006.01
ENSG00000100129	10552.19	11542.16	11427.75	10937.45	9113.36	10192.46	8666.43	8818.99
ENSG00000100138	2828.98	1723.05	3657.16	2803.1	4150.54	5550.54	4137.36	5916.32
ENSG00000100139	0.0	0.0	0.0	0.0	0.0	0.0	0.0	0.0
ENSG00000100142	6810.17	5038.27	8925.63	5308.82	8217.35	7504.85	6144.06	5963.76
ENSG00000100146	0.0	0.0	0.0	0.0	0.0	0.0	0.0	0.0
ENSG00000100147	2363.51	2343.95	3285.79	2179.33	2770.5	2429.61	3186.71	1469.33
ENSG00000100150	14257.82	16605.02	15890.72	14428.29	17184.77	17434.83	15913.77	17516.79
ENSG00000100151	0.0	0.0	0.0	0.0	0.0	0.0	0.0	0.0
ENSG00000100154	0.0	0.0	0.0	0.0	0.0	0.0	0.0	0.0
ENSG00000100156	0.0	0.0	0.0	0.0	0.0	0.0	0.0	0.0
ENSG00000100162	1577.8	1371.57	1267.53	1919.06	1469.39	1699.54	1734.28	1461.9
ENSG00000100167	2195.28	1689.29	2091.05	1609.96	1779.78	1528.08	1645.88	2028.15
ENSG00000100170	0.0	0.0	0.0	0.0	0.0	0.0	0.0	0.0
ENSG00000100181	0.0	0.0	0.0	0.0	0.0	0.0	0.0	0.0
ENSG00000100191	0.0	0.0	0.0	0.0	0.0	0.0	0.0	0.0
ENSG00000100196	0.0	0.0	0.0	0.0	0.0	0.0	0.0	0.0
ENSG00000100197	0.0	0.0	0.0	0.0	0.0	0.0	0.0	0.0
ENSG00000100201	0.0	0.0	0.0	0.0	0.0	0.0	0.0	0.0
ENSG00000100206	4385.4	2814.43	2652.44	3183.22	4768.72	4654.88	3899.8	4386.22
ENSG00000100207	0.0	0.0	0.0	0.0	0.0	0.0	0.0	0.0
ENSG00000100209	5035.44	5835.93	4328.19	5154.51	5339.56	4569.62	3088.97	4757.0
ENSG00000100211	0.0	0.0	0.0	0.0	0.0	0.0	0.0	0.0
ENSG00000100216	479.03	524.26	345.94	703.61	454.11	568.44	470.97	481.61
ENSG00000100218	7933.89	7587.58	9701.76	9385.5	7744.9	6162.06	8598.0	7232.22
ENSG00000100219	2395.44	1975.34	2332.28	2285.86	2377.83	2651.25	2092.22	1792.18
ENSG00000100220	0.0	0.0	0.0	0.0	0.0	0.0	0.0	0.0
ENSG00000100221	0.0	0.0	0.0	0.0	0.0	0.0	0.0	0.0
ENSG00000100225	0.0	0.0	0.0	0.0	0.0	0.0	0.0	0.0
ENSG00000100226	5448.12	8404.26	5419.09	6502.62	4702.44	8371.14	5668.2	4982.78
ENSG00000100227	3577.8	4476.44	3932.31	3444.61	5482.07	5110.47	5506.19	4070.35
ENSG00000100228	0.0	0.0	0.0	0.0	0.0	0.0	0.0	0.0
ENSG00000100234	0.0	0.0	0.0	0.0	0.0	0.0	0.0	0.0
ENSG00000100239	3112.83	2871.59	2945.32	2422.35	2035.85	2148.52	2030.5	1766.63
ENSG00000100241	2302.5	2581.06	2724.04	2873.18	3652.1	3156.29	3119.73	3061.13
ENSG00000100242	2299.52	1876.46	3688.71	2201.13	3243.73	1821.44	1572.47	1461.87
ENSG00000100243	713.44	961.82	719.69	561.41	1780.97	1815.78	1770.72	1780.0
ENSG00000100246	0.0	0.0	0.0	0.0	0.0	0.0	0.0	0.0
ENSG00000100249	0.0	0.0	0.0	0.0	0.0	0.0	0.0	0.0
ENSG00000100253	0.0	0.0	0.0	0.0	0.0	0.0	0.0	0.0
ENSG00000100258	0.0	0.0	0.0	0.0	0.0	0.0	0.0	0.0
ENSG00000100263	587.14	598.68	617.67	691.51	1202.0	1205.29	1358.39	1390.06
ENSG00000100266	3862.89	3815.23	3223.94	4344.41	3592.78	4024.23	4881.45	5352.74
ENSG00000100271	334.41	327.61	246.18	326.53	227.87	268.28	138.14	216.94
ENSG00000100276	765.81	302.79	571.72	427.29	837.96	540.48	214.73	806.03
ENSG00000100280	1474.62	1400.51	1619.43	1478.31	2256.89	1885.57	1681.86	2106.74
ENSG00000100281	0.0	0.0	0.0	0.0	0.0	0.0	0.0	0.0
ENSG00000100284	9870.13	7339.02	7111.22	7546.2	6612.35	6294.12	5167.61	7313.78
ENSG00000100285	0.0	0.0	0.0	0.0	0.0	0.0	0.0	0.0
ENSG00000100288	0.0	0.0	0.0	0.0	0.0	0.0	0.0	0.0
ENSG00000100290	0.0	0.0	0.0	0.0	0.0	0.0	0.0	0.0
ENSG00000100292	0.0	0.0	0.0	0.0	0.0	0.0	0.0	0.0
ENSG00000100294	3052.33	3197.29	3089.35	2481.95	2193.98	1856.79	1635.5	2242.02
ENSG00000100296	6469.35	5308.39	6383.14	6639.0	6662.8	8032.17	7192.87	7189.79
ENSG00000100297	4376.58	3038.54	4412.52	4511.0	4797.15	4147.51	4787.5	5645.41
ENSG00000100298	6201.98	6453.36	6377.23	7249.47	4278.15	5250.56	4255.91	5239.78
ENSG00000100299	1390.76	680.91	1338.6	1656.57	1242.82	1300.31	662.34	676.64
ENSG00000100300	0.0	0.0	0.0	0.0	0.0	0.0	0.0	0.0
ENSG00000100302	533.43	552.75	630.74	659.57	477.82	440.59	493.93	428.8
ENSG00000100304	0.0	0.0	0.0	0.0	0.0	0.0	0.0	0.0
ENSG00000100307	0.0	0.0	0.0	0.0	0.0	0.0	0.0	0.0
ENSG00000100311	0.0	0.0	0.0	0.0	0.0	0.0	0.0	0.0
ENSG00000100312	0.0	0.0	0.0	0.0	0.0	0.0	0.0	0.0
ENSG00000100314	0.0	0.0	0.0	0.0	0.0	0.0	0.0	0.0
ENSG00000100316	3507.19	4221.75	2515.53	3275.39	4894.37	4248.93	4480.47	4946.37
ENSG00000100319	0.0	0.0	0.0	0.0	0.0	0.0	0.0	0.0
ENSG00000100320	0.0	0.0	0.0	0.0	0.0	0.0	0.0	0.0
ENSG00000100321	0.0	0.0	0.0	0.0	0.0	0.0	0.0	0.0
ENSG00000100324	0.0	0.0	0.0	0.0	0.0	0.0	0.0	0.0
ENSG00000100325	2041.76	1510.88	2147.26	1071.52	1329.89	2298.76	1662.33	1879.18
ENSG00000100330	3713.21	3688.66	3386.18	3584.6	3617.36	3626.1	3289.86	3777.97
ENSG00000100335	1086.77	935.17	935.88	1352.53	992.74	1045.39	1020.79	968.34
ENSG00000100336	3549.91	3750.37	4426.78	3985.94	3583.91	3182.81	3067.1	3083.34
ENSG00000100341	0.0	0.0	0.0	0.0	0.0	0.0	0.0	0.0
ENSG00000100342	7287.74	7016.5	7438.59	6006.87	8664.28	7199.98	8131.33	6798.86
ENSG00000100344	1602.58	1376.78	1457.71	1270.64	1437.48	1443.01	1922.01	1531.26
ENSG00000100345	3380.07	2806.15	2174.52	2918.79	2529.75	2084.6	2100.21	2280.84
ENSG00000100346	2051.61	2216.64	2121.86	2076.83	3780.6	3593.62	3309.1	3513.46
ENSG00000100347	0.0	0.0	0.0	0.0	0.0	0.0	0.0	0.0
ENSG00000100348	0.0	0.0	0.0	0.0	0.0	0.0	0.0	0.0
ENSG00000100350	2746.29	2570.89	2625.36	2555.43	1966.69	1766.52	1923.92	1829.69
ENSG00000100351	0.0	0.0	0.0	0.0	0.0	0.0	0.0	0.0
ENSG00000100353	2713.1	2124.4	1371.62	2408.08	1523.81	1975.09	1807.14	1973.33
ENSG00000100354	1339.07	1624.07	1259.79	1256.54	3109.38	1933.81	2107.74	2220.71
ENSG00000100359	1463.05	1229.14	1265.47	1133.87	1218.38	1088.44	963.31	1615.53
ENSG00000100360	3117.12	3547.63	2548.17	2978.15	2812.46	3133.13	2586.95	2949.08
ENSG00000100362	3967.89	2553.62	2293.44	3504.37	1946.69	1556.89	2520.8	1467.49
ENSG00000100364	10192.45	10203.39	9194.98	9506.82	9940.98	8750.21	8012.28	9253.66
ENSG00000100365	0.0	0.0	0.0	0.0	0.0	0.0	0.0	0.0
ENSG00000100368	4789.14	3928.91	4390.81	4572.2	3191.87	3293.82	3104.04	3253.42
ENSG00000100372	2774.25	2944.87	3467.36	2430.41	2681.27	3819.47	2184.94	3714.2
ENSG00000100373	0.0	0.0	0.0	0.0	0.0	0.0	0.0	0.0
ENSG00000100376	3721.34	3303.61	3921.22	3472.53	2467.65	2747.07	2680.24	2133.52
ENSG00000100379	5134.21	5744.54	4856.81	5498.88	6914.35	5898.0	6240.5	7250.89
ENSG00000100380	4545.38	5019.87	5692.69	6323.81	4342.36	4630.5	4302.45	4904.92
ENSG00000100385	9017.76	7559.23	7404.0	7983.83	5039.7	4986.97	4696.56	5579.94
ENSG00000100387	0.0	0.0	0.0	0.0	0.0	0.0	0.0	0.0
ENSG00000100393	8414.44	7888.59	6595.86	5755.38	5784.18	7881.98	4792.05	4986.37
ENSG00000100395	3078.46	3853.94	3263.97	3312.1	2313.72	2429.86	2832.08	2180.27
ENSG00000100399	0.0	0.0	0.0	0.0	0.0	0.0	0.0	0.0
ENSG00000100401	617.64	498.73	520.18	1130.69	715.48	726.88	329.98	726.21
ENSG00000100403	1307.45	1144.04	1067.82	1055.6	1001.7	1035.63	1046.08	910.14
ENSG00000100410	0.0	0.0	0.0	0.0	0.0	0.0	0.0	0.0
ENSG00000100412	0.0	0.0	0.0	0.0	0.0	0.0	0.0	0.0
ENSG00000100413	1085.66	1223.04	1023.16	1158.31	1227.8	1283.1	988.24	1574.63
ENSG00000100416	8269.18	9868.92	7254.17	7959.53	7116.52	7187.36	5609.17	3833.85
ENSG00000100417	0.0	0.0	0.0	0.0	0.0	0.0	0.0	0.0
ENSG00000100418	0.0	0.0	0.0	0.0	0.0	0.0	0.0	0.0
ENSG00000100422	0.0	0.0	0.0	0.0	0.0	0.0	0.0	0.0
ENSG00000100425	2821.25	2922.05	2726.61	3236.85	2796.04	2805.31	2628.2	2786.31
ENSG00000100426	0.0	0.0	0.0	0.0	0.0	0.0	0.0	0.0
ENSG00000100427	1820.69	2012.88	1493.23	1810.4	2297.9	1458.39	1770.18	1669.12
ENSG00000100429	700.86	435.59	385.54	625.68	689.25	923.35	810.67	608.66
ENSG00000128159	1029.74	1301.06	1361.27	998.85	1771.76	1453.01	1443.76	1411.77
ENSG00000128165	236.33	217.1	290.58	265.03	141.72	268.99	212.19	218.58
ENSG00000128185	0.0	0.0	0.0	0.0	0.0	0.0	0.0	0.0
ENSG00000128191	779.91	713.12	532.18	659.89	1286.39	971.73	853.28	1273.97
ENSG00000128203	0.0	0.0	0.0	0.0	0.0	0.0	0.0	0.0
ENSG00000128218	1772.29	3265.58	2146.02	1953.61	1589.44	1920.93	1858.77	1613.27
ENSG00000128228	0.0	0.0	0.0	0.0	0.0	0.0	0.0	0.0
ENSG00000128242	5825.91	5281.73	5871.69	6150.63	4709.63	4489.85	3647.15	3834.56
ENSG00000128245	0.0	0.0	0.0	0.0	0.0	0.0	0.0	0.0
ENSG00000128250	0.0	0.0	0.0	0.0	0.0	7.22	0.0	0.0
ENSG00000128253	1615.52	977.79	981.93	1437.58	3067.0	2489.26	2205.18	2320.4
ENSG00000128254	0.0	0.0	0.0	0.0	0.0	0.0	0.0	0.0
ENSG00000128262	0.0	0.0	0.0	0.0	0.0	0.0	0.0	0.0
ENSG00000128266	0.0	0.0	0.0	0.0	0.0	0.0	0.0	0.0
ENSG00000128268	0.0	0.0	0.0	0.0	0.0	0.0	0.0	0.0
ENSG00000128271	0.0	0.0	0.0	0.0	0.0	0.0	0.0	0.0
ENSG00000128272	1863.0	1778.91	1649.04	1402.84	1732.2	1591.84	1858.3	1428.77
ENSG00000128274	0.0	0.0	0.0	0.0	0.0	0.0	0.0	0.0
ENSG00000128276	0.0	0.0	0.0	0.0	0.0	0.0	0.0	0.0
ENSG00000128283	0.0	0.0	0.0	0.0	0.0	0.0	0.0	0.0
ENSG00000128284	3447.65	3117.8	2831.89	2148.39	2367.75	2383.68	1477.18	1820.5
ENSG00000128285	0.0	0.0	0.0	0.0	0.0	0.0	0.0	0.0
ENSG00000128294	4920.83	4999.12	4764.81	5199.04	4661.29	4524.62	3584.93	3292.16
ENSG00000128298	1971.17	1990.9	2160.3	1880.03	1490.19	1498.4	1621.19	1662.84
ENSG00000128309	4349.64	4000.63	4612.22	3667.23	3623.16	4800.88	4187.77	5054.78
ENSG00000128310	2823.3	3297.71	2786.99	3047.4	1794.09	2950.27	2162.85	2407.63
ENSG00000128311	796.7	1086.87	1160.75	1009.17	1785.2	1803.86	1449.61	1801.93
ENSG00000128313	0.0	0.0	0.0	0.0	0.0	0.0	0.0	0.0
ENSG00000128322	3157.0	3081.86	3234.09	2487.9	2843.57	2437.93	2209.91	2786.7
ENSG00000128335	3921.96	3913.48	3833.38	3439.06	3952.97	3243.23	3450.55	4120.26
ENSG00000128340	1869.1	1633.4	2976.76	1928.88	1902.46	1902.63	1664.98	1839.56
ENSG00000128342	0.0	0.0	0.0	0.0	0.0	0.0	0.0	0.0
ENSG00000128346	2749.43	2420.67	3899.8	3164.71	2011.55	2536.77	3843.36	2309.25
ENSG00000128383	2158.64	1991.78	2700.99	2349.77	2438.9	2171.27	2560.17	2121.24
ENSG00000128394	1167.52	1570.85	1721.5	1600.71	1603.22	1258.08	1228.56	1353.61
ENSG00000128408	1508.86	1635.4	1477.69	1646.31	2009.26	1988.39	1430.4	2186.34
ENSG00000130487	2698.93	2361.14	2340.55	2545.6	2169.15	2243.75	2530.85	2151.99
ENSG00000130538	0.0	0.0	0.0	0.0	0.0	0.0	0.0	0.0
ENSG00000130540	0.0	0.0	0.0	0.0	0.0	0.0	0.0	0.0
ENSG00000130638	0.0	0.0	0.0	0.0	0.0	0.0	0.0	0.0
ENSG00000130943	0.0	0.0	0.0	0.0	0.0	0.0	0.0	0.0
ENSG00000131100	1013.53	1564.55	1186.91	1170.17	1300.37	1372.02	1041.14	1370.24
ENSG00000133422	0.0	0.0	0.0	0.0	0.0	0.0	0.0	0.0
ENSG00000133424	3158.08	3047.03	3503.57	2834.66	2635.6	2537.74	1816.81	2964.63
ENSG00000133433	183.86	107.3	36.57	197.26	69.01	31.33	34.66	111.26
ENSG00000133454	5206.45	5032.27	4903.44	5266.0	6318.86	5819.34	5488.55	5664.84
ENSG00000133460	2095.55	2931.22	2330.55	2978.23	3755.96	2136.61	2691.7	3270.45
ENSG00000133466	0.0	0.0	0.0	0.0	0.0	0.0	0.0	0.0
ENSG00000133475	0.0	0.0	0.0	0.0	0.0	0.0	0.0	0.0
ENSG00000133477	0.0	0.0	0.0	0.0	0.0	0.0	0.0	0.0
ENSG00000133488	1306.93	2022.28	1523.54	1414.11	1478.64	1667.53	1515.34	1389.5
ENSG00000133519	0.0	0.0	0.0	0.0	0.0	0.0	0.0	0.0
ENSG00000138867	0.0	0.0	0.0	0.0	0.0	0.0	0.0	0.0
ENSG00000138892	2054.41	2287.32	1868.82	1891.59	1699.52	1781.32	1741.29	1889.34
ENSG00000138942	0.0	0.0	0.0	0.0	0.0	0.0	0.0	0.0
ENSG00000138944	0.0	0.0	0.0	0.0	0.0	0.0	0.0	0.0
ENSG00000138964	2200.21	2300.33	2832.2	2820.03	2942.55	2356.33	3037.22	2302.5
ENSG00000159307	2034.2	2247.07	2113.58	2130.94	2282.66	2249.8	1843.74	2340.17
ENSG00000159496	2821.41	1979.34	2196.88	2509.1	2230.44	1925.45	1349.69	2150.87
ENSG00000159873	6283.58	5210.87	4617.24	5018.74	3956.94	4466.19	3886.73	4440.14
ENSG00000159958	128.0	130.51	79.74	137.24	328.95	290.98	211.51	271.1
ENSG00000161103	0.0	0.0	0.0	0.0	0.0	0.0	0.0	0.0
ENSG00000161132	0.0	0.0	0.0	0.0	9.24	0.0	0.0	0.0
ENSG00000161133	3522.98	4611.03	3970.2	3760.7	5048.69	4484.02	3615.43	4294.39
ENSG00000161149	0.0	0.0	0.0	0.0	0.0	0.0	0.0	0.0
ENSG00000161179	669.06	1058.1	782.32	654.44	1893.69	1361.64	1676.88	1580.9
ENSG00000161180	2308.48	2239.78	2953.5	2528.71	2096.47	2028.93	3326.05	2218.89
ENSG00000166862	884.9	844.76	747.48	804.75	994.9	976.17	794.67	1038.37
ENSG00000166897	0.0	0.0	0.0	0.0	0.0	0.0	0.0	0.0
ENSG00000167037	0.0	0.0	0.0	0.0	0.0	0.0	0.0	0.0
ENSG00000167065	2306.57	2431.17	2742.2	2627.49	2291.74	2468.13	2159.86	2179.02
ENSG00000167074	0.0	0.0	0.0	0.0	0.0	0.0	0.0	0.0
ENSG00000167077	1176.08	974.47	1699.54	1363.62	2087.36	1904.54	2101.71	1816.76
ENSG00000168135	0.0	0.0	0.0	0.0	0.0	0.0	0.0	0.0
ENSG00000169184	698.22	621.8	675.72	665.0	956.41	971.93	874.5	949.29
ENSG00000169314	0.0	0.0	0.0	0.0	0.0	0.0	0.0	0.0
ENSG00000169548	0.0	0.0	0.0	0.0	0.0	0.0	0.0	0.0
ENSG00000169575	0.0	0.0	0.0	0.0	0.0	0.0	0.0	0.0
ENSG00000169635	339.23	489.28	396.27	571.59	685.95	709.34	922.73	827.26
ENSG00000169662	0.0	0.0	0.0	0.0	0.0	0.0	0.0	0.0
ENSG00000169668	0.0	0.0	0.0	0.0	0.0	0.0	0.0	0.0
ENSG00000170638	502.78	622.03	619.37	399.29	1501.75	1286.52	1142.12	1513.4
ENSG00000172250	143.2	0.0	310.22	111.15	165.04	298.86	0.0	5.42
ENSG00000172346	0.0	0.0	0.0	0.0	0.0	0.0	0.0	0.0
ENSG00000172404	0.0	0.0	0.0	0.0	0.0	0.0	0.0	0.0
ENSG00000172912	0.0	0.0	0.0	0.0	0.0	0.0	0.0	0.0
ENSG00000172967	0.0	0.0	0.0	0.0	0.0	0.0	0.0	0.0
ENSG00000175329	679.39	839.94	546.61	535.19	521.39	431.65	514.09	603.61
ENSG00000176177	0.0	0.0	0.0	0.0	0.0	0.0	0.0	0.0
ENSG00000176635	1719.66	1822.22	1526.26	1679.0	909.18	1370.39	1063.65	956.19
ENSG00000177096	0.0	0.0	0.0	0.0	0.0	0.0	0.0	0.0
ENSG00000177663	0.0	0.0	0.0	0.0	0.0	0.0	0.0	0.0
ENSG00000177989	2971.57	3389.41	2619.45	3052.87	2465.94	2581.22	2723.27	2086.31
ENSG00000177993	0.0	0.0	0.0	0.0	0.0	0.0	0.0	0.0
ENSG00000178026	1754.54	1861.33	1995.15	1813.32	1967.11	2305.18	1976.35	2353.8
ENSG00000178248	0.0	0.0	0.0	0.0	0.0	0.0	0.0	0.0
ENSG00000178803	0.0	0.0	0.0	0.0	0.0	0.0	0.0	0.0
ENSG00000179750	2656.35	2578.41	2060.26	2123.69	1430.32	1725.83	1737.21	1354.5
ENSG00000180150	0.0	0.0	0.0	0.0	0.0	0.0	0.0	0.0
ENSG00000180957	1760.23	1539.61	2250.54	2015.17	3467.17	3806.88	4298.96	4212.19
ENSG00000181123	0.0	0.0	0.0	0.0	0.0	0.0	0.0	0.0
ENSG00000182057	0.0	0.0	0.0	0.0	0.0	0.0	0.0	0.0
ENSG00000182257	0.0	0.0	0.0	0.0	0.0	0.0	0.0	0.0
ENSG00000182351	0.0	0.0	0.0	0.0	0.0	0.0	0.0	0.0
ENSG00000182541	2247.47	2428.31	2453.83	2665.35	1787.78	1529.1	1331.88	1290.67
ENSG00000182824	0.0	0.0	0.0	0.0	0.0	0.0	0.0	0.0
ENSG00000182841	0.0	0.0	0.0	0.0	0.0	0.0	0.0	0.0
ENSG00000182858	1963.63	2410.52	2310.17	1402.42	2581.58	2054.31	1915.09	1928.43
ENSG00000182902	0.0	0.0	0.0	0.0	0.0	0.0	0.0	0.0
ENSG00000182944	6070.26	6147.09	5584.38	5073.05	5619.32	5962.62	4885.35	4743.38
ENSG00000183066	0.0	0.0	0.0	0.0	0.0	0.0	0.0	0.0
ENSG00000183169	0.0	0.0	0.0	0.0	0.0	0.0	0.0	0.0
ENSG00000183172	0.0	0.0	0.0	0.0	0.0	0.0	0.0	0.0
ENSG00000183246	0.0	0.0	0.0	0.0	0.0	0.0	0.0	0.0
ENSG00000183307	872.89	1027.5	973.89	844.81	616.05	692.71	589.53	646.89
ENSG00000183506	0.0	6.18	0.0	0.0	0.0	0.0	0.0	0.0
ENSG00000183530	0.0	0.0	0.0	0.0	0.0	0.0	0.0	0.0
ENSG00000183569	771.81	1088.27	668.2	815.85	1262.06	554.57	735.89	971.49
ENSG00000183579	4682.18	5227.15	4754.6	5327.59	3572.25	4001.5	3513.2	3788.14
ENSG00000183597	3280.29	1824.67	2984.29	2632.88	2386.53	3105.74	2662.85	2757.56
ENSG00000183628	584.12	555.9	569.8	722.43	695.96	606.96	463.69	621.44
ENSG00000183741	0.0	0.0	0.0	0.0	0.0	0.0	0.0	0.0
ENSG00000183762	0.0	0.0	0.0	0.0	0.0	0.0	0.0	0.0
ENSG00000183765	5126.97	4178.1	6102.67	4193.21	6399.96	6815.66	5299.62	6686.93
ENSG00000183773	6299.08	7032.66	6056.02	6610.97	6109.52	6085.31	4396.43	5778.65
ENSG00000183785	1376.25	1960.42	1402.16	1095.0	1489.53	1262.65	1653.97	1466.56
ENSG00000183822	0.0	0.0	0.0	0.0	0.0	0.0	0.0	0.0
ENSG00000183864	0.0	0.0	0.0	0.0	0.0	0.0	0.0	0.0
ENSG00000183963	7914.91	7844.11	6685.7	7061.35	5251.4	6256.07	4843.21	6133.78
ENSG00000184058	1584.41	1469.35	1437.94	1058.81	1509.09	1452.68	1398.74	1320.81
ENSG00000184068	0.0	0.0	0.0	0.0	0.0	0.0	0.0	0.0
ENSG00000184076	0.0	0.0	0.0	0.0	0.0	0.0	0.0	0.0
ENSG00000184113	968.11	1221.95	1169.59	1033.6	1230.87	1126.86	1421.28	1294.23
ENSG00000184117	4918.02	6104.51	4910.82	5197.42	5028.23	4377.12	3730.52	5800.43
ENSG00000184164	0.0	0.0	0.0	0.0	0.0	0.0	0.0	0.0
ENSG00000184208	0.0	0.0	0.0	0.0	0.0	0.0	0.0	0.0
ENSG00000184319	0.0	0.0	0.0	0.0	0.0	0.0	0.0	0.0
ENSG00000184381	13434.93	13955.9	12900.7	13635.71	14078.99	13586.09	12146.26	11466.34
ENSG00000184436	0.0	0.0	0.0	0.0	0.0	0.0	0.0	0.0
ENSG00000184459	1411.36	1439.06	1900.61	1362.43	1433.17	1906.15	1757.98	1675.09
ENSG00000184470	1994.79	1838.26	2103.49	1658.8	2780.33	2791.85	2621.47	3007.25
ENSG00000184571	1286.32	1427.3	1488.14	1383.08	1531.53	1515.09	1464.58	1377.67
ENSG00000184624	0.0	0.0	0.0	0.0	0.0	0.0	0.0	0.0
ENSG00000184702	2594.59	3147.53	3100.17	2395.54	1919.44	1334.45	1631.65	1707.35
ENSG00000184708	0.0	0.0	0.0	0.0	0.0	0.0	0.0	0.0
ENSG00000184792	11435.71	10827.34	10201.83	10751.2	9421.91	10409.84	9110.84	8556.2
ENSG00000184949	0.0	0.0	0.0	0.0	0.0	0.0	0.0	0.0
ENSG00000184979	0.0	6.29	6.22	0.0	0.0	6.19	0.0	0.0
ENSG00000184983	1767.41	1711.62	1615.83	1995.53	1784.28	1539.15	1763.94	1470.34
ENSG00000185022	3247.6	3823.36	2730.2	3270.47	3830.1	3400.22	3079.05	2417.81
ENSG00000185065	0.0	0.0	0.0	0.0	0.0	0.0	0.0	0.0
ENSG00000185133	2055.47	2127.15	1650.2	1784.15	1776.81	1371.75	1493.55	1988.78
ENSG00000185252	18.57	29.76	28.1	88.08	158.06	175.77	92.35	118.76
ENSG00000185264	3809.3	4584.93	4076.06	3865.41	4166.64	3077.96	3580.46	3160.0
ENSG00000185339	3752.16	3503.59	3896.51	3515.75	4161.63	3680.99	3515.26	3544.73
ENSG00000185340	0.0	0.0	0.0	0.0	0.0	0.0	0.0	0.0
ENSG00000185386	1962.88	1947.87	1840.49	1647.27	2334.73	2039.36	1991.44	2260.91
ENSG00000185608	0.0	0.0	0.0	0.0	0.0	0.0	0.0	0.0
ENSG00000185651	303.96	345.14	345.82	394.61	195.48	242.28	155.03	268.89
ENSG00000185666	4723.43	5826.0	3889.72	6100.46	8475.35	6202.74	7173.33	6909.05
ENSG00000185686	261.08	386.86	389.32	239.93	1446.03	1556.37	1639.5	2002.95
ENSG00000185721	1221.01	1165.1	917.7	962.7	1380.89	1100.42	1112.43	1213.55
ENSG00000185837	0.0	0.0	0.0	0.0	0.0	0.0	0.0	0.0
ENSG00000185838	1359.14	1499.56	1254.73	1109.52	1183.58	1378.23	1204.09	1626.09
ENSG00000186575	255.52	229.15	397.67	392.34	1841.8	1252.28	1362.0	1471.19
ENSG00000186654	9962.75	8060.51	8545.89	8257.58	11757.44	10933.95	10410.2	10811.94
ENSG00000186716	1666.49	1584.57	1638.37	1694.28	1582.33	1678.3	1488.39	1414.81
ENSG00000186732	2208.04	2621.74	1738.7	2947.69	2916.03	3149.78	2724.96	2334.02
ENSG00000186951	3567.11	4469.51	3828.53	3495.09	3227.35	3770.68	2913.82	3562.69
ENSG00000186976	0.0	0.0	0.0	0.0	0.0	0.0	0.0	0.0
ENSG00000186998	0.0	0.0	0.0	0.0	0.0	0.0	0.0	0.0
ENSG00000187012	0.0	0.0	0.0	0.0	0.0	0.0	0.0	0.0
ENSG00000187045	0.0	0.0	0.0	0.0	0.0	0.0	0.0	0.0
ENSG00000187051	0.0	0.0	0.0	0.0	0.0	0.0	0.0	0.0
ENSG00000187792	0.0	0.0	0.0	0.0	0.0	0.0	0.0	0.0
ENSG00000187860	1599.67	1802.48	1629.85	1579.53	1629.05	1437.02	1311.04	1423.87
ENSG00000187905	0.0	0.0	0.0	0.0	0.0	0.0	0.0	0.0
ENSG00000187979	0.0	0.0	0.0	0.0	0.0	0.0	0.0	0.0
ENSG00000188064	1598.07	1358.31	1024.33	1330.1	1323.58	1114.49	991.27	1379.44
ENSG00000188078	0.0	0.0	0.0	0.0	0.0	0.0	0.0	0.0
ENSG00000188130	1114.66	825.19	1021.58	1115.24	1471.07	1581.42	1113.17	1344.67
ENSG00000188263	0.0	0.0	0.0	0.0	0.0	0.0	0.0	0.0
ENSG00000188280	0.0	0.0	0.0	0.0	0.0	0.0	0.0	0.0
ENSG00000188511	0.0	0.0	0.0	0.0	0.0	0.0	0.0	0.0
ENSG00000188636	116.66	184.82	271.27	266.38	204.93	297.25	217.01	228.79
ENSG00000188677	6107.96	6480.09	6470.25	6750.47	6229.73	5628.53	4822.21	6011.18
ENSG00000189060	0.0	0.0	0.0	0.0	0.0	0.0	0.0	0.0
ENSG00000189269	0.0	0.0	0.0	0.0	0.0	0.0	0.0	0.0
ENSG00000189295	0.0	0.0	0.0	0.0	0.0	0.0	0.0	0.0
ENSG00000189306	0.0	0.0	0.0	0.0	0.0	0.0	0.0	0.0
ENSG00000196236	0.0	0.0	0.0	0.0	0.0	0.0	0.0	0.0
ENSG00000196419	0.0	0.0	0.0	0.0	0.0	0.0	0.0	0.0
ENSG00000196431	0.0	0.0	0.0	0.0	0.0	0.0	0.0	0.0
ENSG00000196576	38082.04	57205.57	33341.76	39525.44	24987.08	20548.5	31381.2	35765.93
ENSG00000196588	7837.06	7755.01	7759.85	7841.84	5960.25	5980.4	5251.12	5468.75
ENSG00000197077	1511.53	1524.39	1478.71	1386.75	1101.44	1336.1	1229.44	1329.78
ENSG00000197182	0.0	0.0	0.0	0.0	0.0	0.0	0.0	0.0
ENSG00000197210	0.0	0.0	0.0	0.0	0.0	0.0	0.0	0.0
ENSG00000197421	0.0	0.0	0.0	0.0	0.0	0.0	0.0	6.21
ENSG00000197549	0.0	0.0	0.0	0.0	0.0	0.0	0.0	0.0
ENSG00000198062	1401.8	1384.32	1438.41	1259.92	1632.87	1476.58	1674.66	1227.22
ENSG00000198089	3694.11	4276.88	3911.49	3795.44	5022.31	4542.19	4481.04	4294.53
ENSG00000198125	12190.7	12105.06	11264.49	11837.21	11693.44	11687.36	9109.22	10847.98
ENSG00000198355	0.0	0.0	0.0	0.0	0.0	0.0	0.0	0.0
ENSG00000198445	0.0	0.0	0.0	0.0	0.0	0.0	0.0	0.0
ENSG00000198792	0.0	0.0	0.0	0.0	0.0	0.0	0.0	0.0
ENSG00000198832	0.0	0.0	0.0	0.0	0.0	0.0	0.0	0.0
ENSG00000198911	0.0	0.0	0.0	0.0	0.0	0.0	0.0	0.0
ENSG00000198951	1940.03	1755.07	1629.3	1669.46	1291.78	1671.22	1597.74	1355.64
ENSG00000199248	0.0	0.0	0.0	0.0	0.0	0.0	0.0	0.0
ENSG00000199515	0.0	0.0	0.0	0.0	0.0	0.0	0.0	0.0
ENSG00000199695	0.0	0.0	0.0	0.0	0.0	0.0	0.0	0.0
ENSG00000199783	0.0	0.0	0.0	0.0	0.0	0.0	0.0	0.0
ENSG00000199797	0.0	0.0	0.0	0.0	0.0	0.0	0.0	0.0
ENSG00000199865	0.0	0.0	0.0	0.0	0.0	0.0	0.0	0.0
ENSG00000200057	0.0	0.0	0.0	0.0	0.0	0.0	0.0	0.0
ENSG00000200332	0.0	0.0	0.0	0.0	0.0	0.0	0.0	0.0
ENSG00000200443	0.0	0.0	0.0	0.0	0.0	0.0	0.0	0.0
ENSG00000200448	0.0	0.0	0.0	0.0	0.0	0.0	0.0	0.0
ENSG00000200683	0.0	0.0	0.0	0.0	0.0	0.0	0.0	0.0
ENSG00000200871	0.0	0.0	0.0	0.0	0.0	0.0	0.0	0.0
ENSG00000200976	0.0	0.0	0.0	0.0	0.0	0.0	0.0	0.0
ENSG00000200985	0.0	0.0	0.0	0.0	0.0	0.0	0.0	0.0
ENSG00000201078	0.0	0.0	0.0	0.0	0.0	0.0	0.0	0.0
ENSG00000201209	0.0	0.0	0.0	0.0	0.0	0.0	0.0	0.0
ENSG00000201916	0.0	0.0	0.0	0.0	0.0	0.0	0.0	0.0
ENSG00000202019	0.0	0.0	0.0	0.0	0.0	0.0	0.0	0.0
ENSG00000202058	0.0	0.0	0.0	0.0	0.0	0.0	0.0	0.0
ENSG00000203280	0.0	0.0	0.0	0.0	0.0	0.0	0.0	0.0
ENSG00000203416	0.0	0.0	0.0	0.0	0.0	0.0	0.0	0.0
ENSG00000203527	0.0	0.0	0.0	0.0	0.0	0.0	0.0	0.0
ENSG00000203618	0.0	0.0	0.0	0.0	0.0	0.0	0.0	0.0
ENSG00000205559	0.0	0.0	0.0	0.0	0.0	0.0	0.0	0.0
ENSG00000205560	1042.33	1143.98	1413.01	1192.49	2082.42	1898.19	1600.89	2204.66
ENSG00000205593	0.0	0.0	0.0	0.0	0.0	0.0	0.0	0.0
ENSG00000205632	0.0	0.0	0.0	0.0	0.0	0.0	0.0	0.0
ENSG00000205634	0.0	0.0	0.0	0.0	0.0	0.0	0.0	0.0
ENSG00000205643	1572.62	1201.82	1362.64	1298.92	1183.83	924.27	941.55	1003.73
ENSG00000205702	5436.33	5757.68	5465.19	5505.54	5004.2	4730.05	4225.68	5099.14
ENSG00000205704	329.74	396.0	409.13	507.99	123.68	421.16	174.51	221.04
ENSG00000205853	0.0	0.0	0.0	0.0	0.0	0.0	0.0	0.0
ENSG00000205856	1038.73	1059.55	1110.16	822.57	1153.17	1250.91	1123.75	1125.96
ENSG00000206028	0.0	0.0	0.0	0.0	0.0	0.0	0.0	0.0
ENSG00000206066	0.0	0.0	0.0	0.0	0.0	0.0	0.0	0.0
ENSG00000206069	0.0	0.0	0.0	0.0	0.0	0.0	0.0	0.0
ENSG00000206090	0.0	0.0	0.0	0.0	0.0	0.0	0.0	0.0
ENSG00000206140	2462.48	2568.79	1615.99	983.53	1905.23	3243.1	2178.39	2586.73
ENSG00000206142	0.0	0.0	0.0	0.0	0.0	0.0	0.0	0.0
ENSG00000206145	0.0	0.0	0.0	78.82	0.0	0.0	0.0	0.0
ENSG00000206195	0.0	0.0	0.0	0.0	0.0	0.0	0.0	0.0
ENSG00000206203	0.0	0.0	0.0	0.0	0.0	0.0	0.0	0.0
ENSG00000206615	0.0	0.0	0.0	0.0	0.0	0.0	0.0	0.0
ENSG00000206739	0.0	0.0	0.0	0.0	0.0	0.0	0.0	0.0
ENSG00000206813	0.0	0.0	0.0	0.0	0.0	0.0	0.0	0.0
ENSG00000206841	0.0	0.0	0.0	0.0	0.0	0.0	0.0	0.0
ENSG00000207227	0.0	0.0	0.0	0.0	0.0	0.0	0.0	0.0
ENSG00000207343	0.0	0.0	0.0	0.0	0.0	0.0	0.0	0.0
ENSG00000207455	0.0	0.0	0.0	0.0	0.0	0.0	0.0	0.0
ENSG00000207457	0.0	0.0	0.0	0.0	0.0	0.0	0.0	0.0
ENSG00000207575	0.0	0.0	0.0	0.0	0.0	0.0	0.0	0.0
ENSG00000207696	0.0	0.0	0.0	0.0	0.0	0.0	0.0	0.0
ENSG00000207751	0.0	0.0	0.0	0.0	0.0	0.0	0.0	0.0
ENSG00000207780	0.0	0.0	0.0	0.0	0.0	0.0	0.0	0.0
ENSG00000207932	0.0	0.0	0.0	0.0	0.0	0.0	0.0	0.0
ENSG00000208023	0.0	0.0	0.0	0.0	0.0	0.0	0.0	0.0
ENSG00000209480	0.0	0.0	0.0	0.0	0.0	0.0	0.0	0.0
ENSG00000209482	0.0	0.0	0.0	0.0	0.0	0.0	0.0	0.0
ENSG00000211637	0.0	0.0	0.0	0.0	0.0	0.0	0.0	0.0
ENSG00000211638	0.0	0.0	0.0	0.0	0.0	0.0	0.0	0.0
ENSG00000211639	6036.05	7266.83	9008.19	7554.01	6915.15	6100.82	6447.18	4066.16
ENSG00000211640	0.0	0.0	0.0	0.0	0.0	0.0	0.0	0.0
ENSG00000211641	0.0	0.0	0.0	0.0	0.0	0.0	0.0	0.0
ENSG00000211642	0.0	0.0	0.0	0.0	0.0	0.0	0.0	0.0
ENSG00000211643	0.0	0.0	0.0	0.0	0.0	0.0	0.0	0.0
ENSG00000211644	0.0	0.0	0.0	0.0	0.0	0.0	0.0	0.0
ENSG00000211645	0.0	0.0	0.0	0.0	0.0	0.0	0.0	0.0
ENSG00000211647	0.0	0.0	0.0	0.0	0.0	0.0	0.0	0.0
ENSG00000211648	0.0	0.0	0.0	0.0	0.0	0.0	0.0	0.0
ENSG00000211649	0.0	0.0	0.0	0.0	0.0	0.0	0.0	0.0
ENSG00000211650	0.0	0.0	0.0	0.0	0.0	0.0	0.0	0.0
ENSG00000211651	0.0	0.0	0.0	0.0	0.0	0.0	0.0	0.0
ENSG00000211652	0.0	0.0	0.0	0.0	0.0	0.0	0.0	0.0
ENSG00000211653	0.0	0.0	0.0	0.0	0.0	0.0	0.0	0.0
ENSG00000211654	0.0	0.0	0.0	0.0	0.0	0.0	0.0	0.0
ENSG00000211655	3998.0	6151.15	4379.5	5584.11	5862.83	5448.87	4505.47	3471.27
ENSG00000211656	0.0	0.0	0.0	0.0	0.0	0.0	0.0	0.0
ENSG00000211657	0.0	0.0	0.0	0.0	0.0	0.0	0.0	0.0
ENSG00000211658	0.0	0.0	0.0	0.0	0.0	0.0	0.0	0.0
ENSG00000211659	2557.33	4326.94	3172.76	2430.74	3808.76	3341.0	3820.3	6548.39
ENSG00000211660	0.0	0.0	0.0	0.0	0.0	0.0	0.0	0.0
ENSG00000211661	0.0	0.0	0.0	0.0	0.0	0.0	0.0	0.0
ENSG00000211662	0.0	0.0	0.0	0.0	0.0	0.0	0.0	0.0
ENSG00000211663	7429.62	5897.5	8604.34	5775.27	4712.98	3816.91	4157.04	2610.59
ENSG00000211664	0.0	0.0	0.0	0.0	0.0	0.0	0.0	0.0
ENSG00000211665	0.0	0.0	0.0	0.0	0.0	0.0	0.0	0.0
ENSG00000211666	0.0	0.0	0.0	0.0	0.0	0.0	0.0	0.0
ENSG00000211667	0.0	0.0	0.0	0.0	0.0	0.0	0.0	0.0
ENSG00000211668	0.0	0.0	0.0	0.0	0.0	0.0	0.0	0.0
ENSG00000211669	4643.62	3994.3	4148.72	4597.82	4478.91	4197.4	3279.88	4195.69
ENSG00000211670	0.0	0.0	0.0	0.0	0.0	0.0	0.0	0.0
ENSG00000211672	0.0	0.0	0.0	0.0	0.0	0.0	0.0	0.0
ENSG00000211673	0.0	0.0	0.0	0.0	0.0	0.0	0.0	0.0
ENSG00000211674	0.0	0.0	0.0	0.0	0.0	0.0	0.0	0.0
ENSG00000211675	0.0	0.0	0.0	0.0	0.0	0.0	0.0	0.0
ENSG00000211676	0.0	0.0	0.0	0.0	0.0	0.0	0.0	0.0
ENSG00000211677	3715.68	4135.32	4185.42	4451.99	2725.11	2220.22	3248.02	2958.16
ENSG00000211678	0.0	0.0	0.0	0.0	0.0	0.0	0.0	0.0
ENSG00000211679	0.0	0.0	0.0	0.0	0.0	0.0	0.0	0.0
ENSG00000211680	0.0	0.0	0.0	0.0	0.0	0.0	0.0	0.0
ENSG00000211681	0.0	0.0	0.0	0.0	0.0	0.0	0.0	0.0
ENSG00000211682	0.0	0.0	0.0	0.0	0.0	0.0	0.0	0.0
ENSG00000211683	0.0	0.0	0.0	0.0	0.0	0.0	0.0	0.0
ENSG00000211684	0.0	0.0	0.0	0.0	0.0	0.0	0.0	0.0
ENSG00000211685	2147.17	3047.89	3054.54	3964.56	3058.91	4363.16	3291.32	2043.88
ENSG00000212102	0.0	0.0	0.0	0.0	0.0	0.0	0.0	0.0
ENSG00000212216	0.0	0.0	0.0	0.0	0.0	0.0	0.0	0.0
ENSG00000212542	0.0	0.0	0.0	0.0	0.0	0.0	0.0	0.0
ENSG00000212569	0.0	0.0	0.0	0.0	0.0	0.0	0.0	0.0
ENSG00000212939	0.0	0.0	0.0	0.0	0.0	0.0	0.0	0.0
ENSG00000213279	0.0	0.0	0.0	0.0	0.0	0.0	0.0	0.0
ENSG00000213683	0.0	0.0	0.0	0.0	0.0	0.0	0.0	0.0
ENSG00000213707	0.0	0.0	0.0	0.0	0.0	0.0	0.0	0.0
ENSG00000213727	0.0	0.0	0.0	0.0	0.0	0.0	0.0	0.0
ENSG00000213752	0.0	0.0	0.0	0.0	0.0	0.0	0.0	0.0
ENSG00000213790	0.0	0.0	0.0	0.0	0.0	0.0	0.0	0.0
ENSG00000213857	0.0	0.0	0.0	0.0	0.0	0.0	0.0	0.0
ENSG00000213888	0.0	0.0	0.0	0.0	0.0	0.0	0.0	0.0
ENSG00000213923	6295.07	6156.19	6773.62	5890.57	4615.85	4777.7	3819.22	6259.55
ENSG00000214076	0.0	0.0	0.0	0.0	0.0	0.0	0.0	0.0
ENSG00000214093	0.0	0.0	0.0	0.0	0.0	0.0	0.0	0.0
ENSG00000214125	0.0	0.0	0.0	0.0	0.0	0.0	0.0	0.0
ENSG00000214161	0.0	0.0	0.0	0.0	0.0	0.0	0.0	0.0
ENSG00000214491	0.0	0.0	0.0	0.0	0.0	0.0	0.0	0.0
ENSG00000214526	0.0	0.0	0.0	0.0	0.0	0.0	0.0	0.0
ENSG00000214727	0.0	0.0	0.0	0.0	0.0	0.0	0.0	0.0
ENSG00000215012	153.85	211.16	237.83	241.23	262.91	226.27	265.59	319.57
ENSG00000215193	1784.71	1587.32	1561.52	1361.18	2110.7	2306.82	2008.57	2587.86
ENSG00000215268	0.0	0.0	0.0	0.0	0.0	0.0	0.0	0.0
ENSG00000215270	0.0	0.0	0.0	0.0	0.0	0.0	0.0	0.0
ENSG00000215333	0.0	0.0	0.0	0.0	0.0	0.0	0.0	0.0
ENSG00000215347	0.0	0.0	0.0	0.0	0.0	0.0	0.0	0.0
ENSG00000215403	0.0	0.0	0.0	0.0	0.0	0.0	0.0	0.0
ENSG00000215456	0.0	0.0	0.0	0.0	0.0	0.0	0.0	0.0
ENSG00000215464	0.0	0.0	0.0	0.0	0.0	0.0	0.0	0.0
ENSG00000215478	0.0	0.0	0.0	0.0	0.0	0.0	0.0	0.0
ENSG00000215481	0.0	0.0	0.0	0.0	0.0	0.0	0.0	0.0
ENSG00000215493	0.0	0.0	0.0	0.0	0.0	0.0	0.0	0.0
ENSG00000215498	0.0	0.0	0.0	0.0	0.0	0.0	0.0	0.0
ENSG00000215544	0.0	0.0	0.0	0.0	0.0	0.0	0.0	0.0
ENSG00000215568	0.0	0.0	0.0	0.0	0.0	0.0	0.0	0.0
ENSG00000215771	0.0	0.0	0.0	0.0	0.0	0.0	0.0	0.0
ENSG00000217261	0.0	0.0	0.0	0.0	0.0	0.0	0.0	0.0
ENSG00000217442	10398.83	11943.5	11878.07	13322.48	9310.75	12919.93	8839.4	9666.77
ENSG00000218357	0.0	0.0	0.0	0.0	0.0	0.0	0.0	0.0
ENSG00000218537	0.0	0.0	0.0	0.0	0.0	0.0	0.0	0.0
ENSG00000219438	0.0	0.0	0.0	0.0	0.0	0.0	0.0	0.0
ENSG00000220248	0.0	0.0	0.0	0.0	0.0	0.0	0.0	0.0
ENSG00000220702	0.0	0.0	0.0	0.0	0.0	0.0	0.0	0.0
ENSG00000220891	0.0	0.0	0.0	0.0	0.0	0.0	0.0	0.0
ENSG00000221039	0.0	0.0	0.0	0.0	0.0	0.0	0.0	0.0
ENSG00000221598	0.0	0.0	0.0	0.0	0.0	0.0	0.0	0.0
ENSG00000221760	0.0	0.0	0.0	0.0	0.0	0.0	0.0	0.0
ENSG00000221890	3087.3	2742.29	2610.25	2417.35	2333.77	1859.07	2024.73	2559.65
ENSG00000221963	0.0	0.0	0.0	0.0	0.0	0.0	0.0	0.0
ENSG00000222037	0.0	0.0	0.0	0.0	0.0	0.0	0.0	0.0
ENSG00000222044	0.0	0.0	0.0	0.0	0.0	0.0	0.0	0.0
ENSG00000222352	0.0	0.0	0.0	0.0	0.0	0.0	0.0	0.0
ENSG00000222585	0.0	0.0	0.0	0.0	0.0	0.0	0.0	0.0
ENSG00000222630	0.0	0.0	0.0	0.0	0.0	0.0	0.0	0.0
ENSG00000222698	0.0	0.0	0.0	0.0	0.0	0.0	0.0	0.0
ENSG00000222915	0.0	0.0	0.0	0.0	0.0	0.0	0.0	0.0
ENSG00000223056	0.0	0.0	0.0	0.0	0.0	0.0	0.0	0.0
ENSG00000223142	0.0	0.0	0.0	0.0	0.0	0.0	0.0	0.0
ENSG00000223350	0.0	0.0	0.0	0.0	0.0	0.0	0.0	0.0
ENSG00000223461	0.0	0.0	0.0	0.0	0.0	0.0	0.0	0.0
ENSG00000223553	0.0	0.0	0.0	0.0	0.0	0.0	0.0	0.0
ENSG00000223679	0.0	0.0	0.0	0.0	0.0	0.0	0.0	0.0
ENSG00000223695	0.0	0.0	0.0	0.0	0.0	0.0	0.0	0.0
ENSG00000223704	0.0	0.0	0.0	0.0	0.0	0.0	0.0	0.0
ENSG00000223726	0.0	0.0	0.0	0.0	0.0	0.0	0.0	0.0
ENSG00000223730	0.0	0.0	0.0	0.0	0.0	0.0	0.0	0.0
ENSG00000223831	0.0	0.0	0.0	0.0	0.0	0.0	0.0	0.0
ENSG00000223843	0.0	0.0	0.0	0.0	0.0	0.0	0.0	0.0
ENSG00000223875	0.0	0.0	0.0	0.0	0.0	0.0	0.0	0.0
ENSG00000223999	0.0	0.0	0.0	0.0	0.0	0.0	0.0	0.0
ENSG00000224003	0.0	0.0	0.0	0.0	0.0	0.0	0.0	0.0
ENSG00000224027	0.0	0.0	0.0	0.0	0.0	0.0	0.0	0.0
ENSG00000224086	0.0	0.0	0.0	0.0	0.25	0.0	0.0	0.0
ENSG00000224124	0.0	0.0	0.0	0.0	0.0	0.0	0.0	0.0
ENSG00000224144	0.0	0.0	0.0	0.0	0.0	0.0	0.0	0.0
ENSG00000224192	0.0	0.0	0.0	0.0	0.0	0.0	0.0	0.0
ENSG00000224205	0.0	0.0	0.0	0.0	0.0	0.0	0.0	0.0
ENSG00000224256	0.0	0.0	0.0	0.0	0.0	0.0	0.0	0.0
ENSG00000224271	0.0	0.0	0.0	0.0	0.0	0.0	0.0	0.0
ENSG00000224277	0.0	0.0	0.0	0.0	0.0	0.0	0.0	0.0
ENSG00000224279	0.0	0.0	0.0	0.0	0.0	0.0	0.0	0.0
ENSG00000224334	0.0	0.0	0.0	0.0	0.0	0.0	0.0	0.0
ENSG00000224404	0.0	0.0	0.0	0.0	0.0	0.0	0.0	0.0
ENSG00000224435	0.0	0.0	0.0	0.0	0.0	0.0	0.0	0.0
ENSG00000224465	0.0	0.0	0.0	0.0	0.0	0.0	0.0	0.0
ENSG00000224688	0.0	0.0	0.0	0.0	0.0	0.0	0.0	0.0
ENSG00000224715	0.0	0.0	0.0	0.0	0.0	0.0	0.0	0.0
ENSG00000224794	0.0	0.0	0.0	0.0	0.0	0.0	0.0	0.0
ENSG00000224806	0.0	0.0	0.0	0.0	0.0	0.0	0.0	0.0
ENSG00000224856	0.0	0.0	0.0	0.0	0.0	0.0	0.0	0.0
ENSG00000224883	0.0	0.0	0.0	0.0	0.0	0.0	0.0	0.0
ENSG00000224973	0.0	0.0	0.0	0.0	0.0	0.0	0.0	0.0
ENSG00000225007	0.0	0.0	0.0	0.0	0.0	0.0	0.0	0.0
ENSG00000225098	0.0	0.0	0.0	0.0	0.0	0.0	0.0	0.0
ENSG00000225225	0.0	0.0	0.0	0.0	0.0	0.0	0.0	0.0
ENSG00000225255	0.0	0.0	0.0	0.0	0.0	0.0	0.0	0.0
ENSG00000225282	0.0	0.0	0.0	0.0	0.0	0.0	0.0	0.0
ENSG00000225293	0.0	0.0	0.0	0.0	0.0	0.0	0.0	0.0
ENSG00000225335	0.0	0.0	0.0	0.0	0.0	0.0	0.0	0.0
ENSG00000225413	0.0	0.0	0.0	0.0	0.0	0.0	0.0	0.0
ENSG00000225450	0.0	0.0	0.0	0.0	0.0	0.0	0.0	0.0
ENSG00000225465	0.0	0.0	0.0	0.0	0.0	0.0	0.0	0.0
ENSG00000225480	0.0	0.0	0.0	0.0	0.0	0.0	0.0	0.0
ENSG00000225528	0.0	0.0	0.0	0.0	0.0	0.0	0.0	0.0
ENSG00000225544	0.0	0.0	0.0	0.0	0.0	0.0	0.0	0.0
ENSG00000225557	0.0	0.0	0.0	0.0	0.0	0.0	0.0	0.0
ENSG00000225676	0.0	0.0	0.0	0.0	0.0	0.0	0.0	0.0
ENSG00000225720	0.0	0.0	0.0	0.0	0.0	0.0	0.0	0.0
ENSG00000225724	0.0	0.0	0.0	0.0	0.0	0.0	0.0	0.0
ENSG00000225741	0.0	0.0	0.0	0.0	0.0	0.0	0.0	0.0
ENSG00000225774	0.0	0.0	0.0	0.0	0.0	0.0	0.0	0.0
ENSG00000225783	0.0	0.0	0.0	0.0	0.0	0.0	0.0	0.0
ENSG00000225867	0.0	0.0	0.0	0.0	0.0	0.0	0.0	0.0
ENSG00000225929	0.0	0.0	0.0	0.0	0.0	0.0	0.0	0.0
ENSG00000225971	0.0	0.0	0.0	0.0	0.0	0.0	0.0	0.0
ENSG00000226024	0.0	0.0	0.0	0.0	0.0	0.0	0.0	0.0
ENSG00000226085	0.0	0.0	0.0	0.0	0.0	0.0	0.0	0.0
ENSG00000226142	0.0	0.0	0.0	0.0	0.0	0.0	0.0	0.0
ENSG00000226160	0.0	0.0	0.0	0.0	0.0	0.0	0.0	0.0
ENSG00000226169	0.0	0.0	0.0	0.0	0.0	0.0	0.0	0.0
ENSG00000226233	0.0	0.0	0.0	0.0	0.0	0.0	0.0	0.0
ENSG00000226287	0.0	0.0	0.0	0.0	0.0	0.0	0.0	0.0
ENSG00000226328	0.0	0.0	0.0	0.0	0.0	0.0	0.0	0.0
ENSG00000226336	0.0	0.0	0.0	0.0	0.0	0.0	0.0	0.0
ENSG00000226420	0.0	0.0	0.0	0.0	0.0	0.0	0.0	0.0
ENSG00000226444	0.0	0.0	0.0	0.0	0.0	0.0	0.0	0.0
ENSG00000226450	0.0	0.0	0.0	0.0	0.0	0.0	0.0	0.0
ENSG00000226471	0.0	0.0	0.0	0.0	0.0	0.0	0.0	0.0
ENSG00000226474	0.0	0.0	0.0	0.0	0.0	0.0	0.0	0.0
ENSG00000226477	0.0	0.0	0.0	0.0	0.0	0.0	0.0	0.0
ENSG00000226534	0.0	0.0	0.0	0.0	0.0	0.0	0.0	0.0
ENSG00000226573	0.0	0.0	0.0	0.0	0.0	0.0	0.0	0.0
ENSG00000226595	0.0	0.0	0.0	0.0	0.0	0.0	0.0	0.0
ENSG00000226741	0.0	0.0	0.0	0.0	0.0	0.0	0.0	0.0
ENSG00000226772	0.0	0.0	0.0	0.0	0.0	0.0	0.0	0.0
ENSG00000226872	0.0	0.0	0.0	0.0	0.0	0.0	0.0	0.0
ENSG00000226885	0.0	0.0	0.0	0.0	0.0	0.0	0.0	0.0
ENSG00000226912	0.0	0.0	0.0	0.0	0.0	0.0	0.0	0.0
ENSG00000226954	0.0	0.0	0.0	0.0	0.0	0.0	0.0	0.0
ENSG00000226989	0.0	0.0	0.0	0.0	0.0	0.0	0.0	0.0
ENSG00000227009	0.0	0.0	0.0	0.0	0.0	0.0	0.0	0.0
ENSG00000227117	0.0	0.0	0.0	0.0	0.0	0.0	0.0	0.0
ENSG00000227188	0.0	0.0	0.0	0.0	0.0	0.0	0.0	0.0
ENSG00000227201	0.0	0.0	0.0	0.0	0.0	0.0	0.0	0.0
ENSG00000227367	0.0	0.0	0.0	0.0	0.0	0.0	0.0	0.0
ENSG00000227370	0.0	0.0	0.0	0.0	0.0	0.0	0.0	0.0
ENSG00000227413	0.0	0.0	0.0	0.0	0.0	0.0	0.0	0.0
ENSG00000227484	0.0	0.0	0.0	0.0	0.0	0.0	0.0	0.0
ENSG00000227519	0.0	0.0	0.0	0.0	0.0	0.0	0.0	0.0
ENSG00000227710	0.0	0.0	0.0	0.0	0.0	0.0	0.0	0.0
ENSG00000227755	0.0	0.0	0.0	0.0	0.0	0.0	0.0	0.0
ENSG00000227813	0.0	0.0	0.0	0.0	0.0	0.0	0.0	0.0
ENSG00000227838	0.0	0.0	0.0	0.0	0.0	0.0	0.0	0.0
ENSG00000227880	0.0	0.0	0.0	0.0	0.0	0.0	0.0	0.0
ENSG00000228039	0.0	0.0	0.0	0.0	0.0	0.0	0.0	0.0
ENSG00000228045	0.0	0.0	0.0	0.0	0.0	0.0	0.0	0.0
ENSG00000228050	0.0	0.0	0.0	0.0	0.0	0.0	0.0	0.0
ENSG00000228122	0.0	0.0	0.0	0.0	0.0	0.0	0.0	0.0
ENSG00000228161	0.0	0.0	0.0	0.0	0.0	0.0	0.0	0.0
ENSG00000228194	0.0	0.0	0.0	0.0	0.0	0.0	0.0	0.0
ENSG00000228274	0.0	0.0	0.0	0.0	0.0	0.0	0.0	0.0
ENSG00000228315	0.0	0.0	0.0	0.0	0.0	0.0	0.0	0.0
ENSG00000228587	0.0	0.0	0.0	0.0	0.0	0.0	0.0	0.0
ENSG00000228599	0.0	0.0	0.0	0.0	0.0	0.0	0.0	0.0
ENSG00000228620	0.0	0.0	0.0	0.0	0.0	0.0	0.0	0.0
ENSG00000228622	0.0	0.0	0.0	0.0	0.0	0.0	0.0	0.0
ENSG00000228719	0.0	0.0	0.0	0.0	0.0	0.0	0.0	0.0
ENSG00000228807	0.0	0.0	0.0	0.0	0.0	0.0	0.0	0.0
ENSG00000228839	0.0	0.0	0.0	0.0	0.0	0.0	0.0	0.0
ENSG00000228923	0.0	0.0	0.0	0.0	0.0	0.0	0.0	0.0
ENSG00000229027	0.0	0.0	0.0	0.0	0.0	0.0	0.0	0.0
ENSG00000229088	0.0	0.0	0.0	0.0	0.0	0.0	0.0	0.0
ENSG00000229107	0.0	0.0	0.0	0.0	0.0	0.0	0.0	0.0
ENSG00000229169	0.0	0.0	0.0	0.0	0.0	0.0	0.0	0.0
ENSG00000229266	0.0	0.0	0.0	0.0	0.0	0.0	0.0	0.0
ENSG00000229275	0.0	0.0	0.0	0.0	0.0	0.0	0.0	0.0
ENSG00000229286	0.0	0.0	0.0	0.0	0.0	0.0	0.0	0.0
ENSG00000229409	0.0	0.0	0.0	0.0	0.0	0.0	0.0	0.0
ENSG00000229492	0.0	0.0	0.0	0.0	0.0	0.0	0.0	0.0
ENSG00000229598	0.0	0.0	0.0	0.0	0.0	0.0	0.0	0.0
ENSG00000229608	0.0	0.0	0.0	0.0	0.0	0.0	0.0	0.0
ENSG00000229658	0.0	0.0	0.0	0.0	0.0	0.0	0.0	0.0
ENSG00000229673	0.0	0.0	0.0	0.0	0.0	0.0	0.0	0.0
ENSG00000229770	0.0	0.0	0.0	0.0	0.0	0.0	0.0	0.0
ENSG00000229891	0.0	0.0	0.0	0.0	0.0	0.0	0.0	0.0
ENSG00000229955	0.0	0.0	0.0	0.0	0.0	0.0	0.0	0.0
ENSG00000229971	0.0	0.0	0.0	0.0	0.0	0.0	0.0	0.0
ENSG00000229999	0.0	0.0	0.0	0.0	0.0	0.0	0.0	0.0
ENSG00000230051	0.0	0.0	0.0	0.0	0.0	0.0	0.0	0.0
ENSG00000230071	0.0	0.0	0.0	0.0	0.0	0.0	0.0	0.0
ENSG00000230107	0.0	0.0	0.0	0.0	0.0	0.0	0.0	0.0
ENSG00000230120	0.0	0.0	0.0	0.0	0.0	0.0	0.0	0.0
ENSG00000230137	0.0	0.0	0.0	0.0	0.0	0.0	0.0	0.0
ENSG00000230149	0.0	0.0	0.0	0.0	0.0	0.0	0.0	0.0
ENSG00000230194	0.0	0.0	0.0	0.0	0.0	0.0	0.0	0.0
ENSG00000230203	0.0	0.0	0.0	0.0	0.0	0.0	0.0	0.0
ENSG00000230319	0.0	0.0	0.0	0.0	0.0	0.0	0.0	0.0
ENSG00000230471	0.0	0.0	0.0	0.0	0.0	0.0	0.0	0.0
ENSG00000230481	0.0	0.0	0.0	0.0	0.0	0.0	0.0	0.0
ENSG00000230485	0.0	0.0	0.0	0.0	0.0	0.0	0.0	0.0
ENSG00000230513	0.0	0.0	0.0	0.0	0.0	0.0	0.0	0.0
ENSG00000230634	0.0	0.0	0.0	0.0	0.0	0.0	0.0	0.0
ENSG00000230637	0.0	0.0	0.0	0.0	0.0	0.0	0.0	0.0
ENSG00000230643	0.0	0.0	0.0	0.0	0.0	0.0	0.0	0.0
ENSG00000230701	0.0	0.0	0.0	0.0	0.0	0.0	0.0	0.0
ENSG00000230712	0.0	0.0	0.0	0.0	0.0	0.0	0.0	0.0
ENSG00000230736	0.0	0.0	0.0	0.0	0.0	0.0	0.0	0.0
ENSG00000230741	0.0	0.0	0.0	0.0	0.0	0.0	0.0	0.0
ENSG00000230769	0.0	0.0	0.0	0.0	0.0	0.0	0.0	0.0
ENSG00000230821	0.0	0.0	0.0	0.0	0.0	0.0	0.0	0.0
ENSG00000230866	0.0	0.0	0.0	0.0	0.0	0.0	0.0	0.0
ENSG00000230912	0.0	0.0	0.0	0.0	0.0	0.0	0.0	0.0
ENSG00000230922	0.0	0.0	0.0	0.0	0.0	0.0	0.0	0.0
ENSG00000230947	0.0	0.0	0.0	0.0	0.0	0.0	0.0	0.0
ENSG00000231004	0.0	0.0	0.0	0.0	0.0	0.0	0.0	0.0
ENSG00000231010	0.0	0.0	0.0	0.0	0.0	0.0	0.0	0.0
ENSG00000231086	0.0	0.0	0.0	0.0	0.0	0.0	0.0	0.0
ENSG00000231253	0.0	0.0	0.0	0.0	0.0	0.0	0.0	0.0
ENSG00000231261	0.0	0.0	0.0	0.0	0.0	0.0	0.0	0.0
ENSG00000231271	0.0	0.0	0.0	0.0	0.0	0.0	0.0	0.0
ENSG00000231369	0.0	0.0	0.0	0.0	0.0	0.0	0.0	0.0
ENSG00000231392	0.0	0.0	0.0	0.0	0.0	0.0	0.0	0.0
ENSG00000231405	0.0	0.0	0.0	0.0	0.0	0.0	0.0	0.0
ENSG00000231466	0.0	0.0	0.0	0.0	0.0	0.0	0.0	0.0
ENSG00000231467	0.0	0.0	0.0	0.0	0.0	0.0	0.0	0.0
ENSG00000231495	0.0	0.0	0.0	0.0	0.0	0.0	0.0	0.0
ENSG00000231565	0.0	0.0	0.0	0.0	0.0	0.0	0.0	0.0
ENSG00000231576	0.0	0.0	0.0	0.0	0.0	0.0	0.0	0.0
ENSG00000231711	0.0	0.0	0.0	0.0	0.0	0.0	0.0	0.0
ENSG00000231801	0.0	0.0	0.0	0.0	0.0	0.0	0.0	0.0
ENSG00000231907	0.0	0.0	0.0	0.0	0.0	0.0	0.0	0.0
ENSG00000231933	0.0	0.0	0.0	0.0	0.0	0.0	0.0	0.0
ENSG00000231993	0.0	0.0	0.0	0.0	0.0	0.0	0.0	0.0
ENSG00000232050	0.0	0.0	0.0	0.0	0.0	0.0	0.0	0.0
ENSG00000232073	0.0	0.0	0.0	0.0	0.0	0.0	0.0	0.0
ENSG00000232081	0.0	0.0	0.0	0.0	0.0	0.0	0.0	0.0
ENSG00000232218	0.0	0.0	0.0	0.0	0.0	0.0	0.0	0.0
ENSG00000232254	0.0	0.0	0.0	0.0	0.0	0.0	0.0	0.0
ENSG00000232305	0.0	0.0	0.0	0.0	0.0	0.0	0.0	0.0
ENSG00000232346	0.0	0.0	0.0	0.0	0.0	0.0	0.0	0.0
ENSG00000232350	0.0	0.0	0.0	0.0	0.0	0.0	0.0	0.0
ENSG00000232363	0.0	0.0	0.0	0.0	0.0	0.0	0.0	0.0
ENSG00000232396	0.0	0.0	0.0	0.0	0.0	0.0	0.0	0.0
ENSG00000232464	0.0	0.0	0.0	0.0	0.0	0.0	0.0	0.0
ENSG00000232515	0.0	0.0	0.0	0.0	0.0	0.0	0.0	0.0
ENSG00000232530	0.0	0.0	0.0	0.0	0.0	0.0	0.0	0.0
ENSG00000232545	0.0	0.0	0.0	0.0	0.0	0.0	0.0	0.0
ENSG00000232564	0.0	0.0	0.0	0.0	0.0	0.0	0.0	0.0
ENSG00000232603	0.0	0.0	0.0	0.0	0.0	0.0	0.0	0.0
ENSG00000232655	0.0	0.0	0.0	0.0	0.0	0.0	0.0	0.0
ENSG00000232707	0.0	0.0	0.0	0.0	0.0	0.0	0.0	0.0
ENSG00000232710	0.0	0.0	0.0	0.0	0.0	0.0	0.0	0.0
ENSG00000232754	0.0	0.0	0.0	0.0	0.0	0.0	0.0	0.0
ENSG00000232771	0.0	0.0	0.0	0.0	0.0	0.0	0.0	0.0
ENSG00000232775	0.0	0.0	0.0	0.0	0.0	0.0	0.0	0.0
ENSG00000232897	0.0	0.0	0.0	0.0	0.0	0.0	0.0	0.0
ENSG00000232926	0.0	0.0	0.0	0.0	0.0	0.0	0.0	0.0
ENSG00000233010	0.0	0.0	0.0	0.0	0.0	0.0	0.0	0.0
ENSG00000233080	0.0	0.0	0.0	0.0	0.0	0.0	0.0	0.0
ENSG00000233157	0.0	0.0	0.0	0.0	0.0	0.0	0.0	0.0
ENSG00000233179	0.0	0.0	0.0	0.0	0.0	0.0	0.0	0.0
ENSG00000233360	0.0	0.0	0.0	0.0	0.0	0.0	0.0	0.0
ENSG00000233388	0.0	0.0	0.0	0.0	0.0	0.0	0.0	0.0
ENSG00000233408	0.0	0.0	0.0	0.0	0.0	0.0	0.0	0.0
ENSG00000233471	0.0	0.0	0.0	0.0	0.0	0.0	0.0	0.0
ENSG00000233521	0.0	0.0	0.0	0.0	0.0	0.0	0.0	0.0
ENSG00000233574	0.0	0.0	0.0	0.0	0.0	0.0	0.0	0.0
ENSG00000233577	0.0	0.0	0.0	0.0	0.0	0.0	0.0	0.0
ENSG00000233603	0.0	0.0	0.0	0.0	0.0	0.0	0.0	0.0
ENSG00000233632	0.0	0.0	0.0	0.0	0.0	0.0	0.0	0.0
ENSG00000233720	0.0	0.0	0.0	0.0	0.0	0.0	0.0	0.0
ENSG00000233733	0.0	0.0	0.0	0.0	0.0	0.0	0.0	0.0
ENSG00000233739	0.0	0.0	0.0	0.0	0.0	0.0	0.0	0.0
ENSG00000233764	0.0	0.0	0.0	0.0	0.0	0.0	0.0	0.0
ENSG00000233866	0.0	0.0	0.0	0.0	0.0	0.0	0.0	0.0
ENSG00000233995	0.0	0.0	0.0	0.0	0.0	0.0	0.0	0.0
ENSG00000234009	0.0	0.0	0.0	0.0	0.0	0.0	0.0	0.0
ENSG00000234121	0.0	0.0	0.0	0.0	0.0	0.0	0.0	0.0
ENSG00000234208	0.0	0.0	0.0	0.0	0.0	0.0	0.0	0.0
ENSG00000234300	0.0	0.0	0.0	0.0	0.0	0.0	0.0	0.0
ENSG00000234353	0.0	0.0	0.0	0.0	0.0	0.0	0.0	0.0
ENSG00000234381	0.0	0.0	0.0	0.0	0.0	0.0	0.0	0.0
ENSG00000234409	0.0	0.0	0.0	0.0	0.0	0.0	0.0	0.0
ENSG00000234479	0.0	0.0	0.0	0.0	0.0	0.0	0.0	0.0
ENSG00000234503	0.0	0.0	0.0	0.0	0.0	0.0	0.0	0.0
ENSG00000234626	0.0	0.0	0.0	0.0	0.0	0.0	0.0	0.0
ENSG00000234630	0.0	0.0	0.0	0.0	0.0	0.0	0.0	0.0
ENSG00000234688	0.0	0.0	0.0	0.0	0.0	0.0	0.0	0.0
ENSG00000234726	0.0	0.0	0.0	0.0	0.0	0.0	0.0	0.0
ENSG00000234735	0.0	0.0	0.0	0.0	0.0	0.0	0.0	0.0
ENSG00000234764	0.0	0.0	0.0	0.0	0.0	0.0	0.0	0.0
ENSG00000234869	0.0	0.0	0.0	0.0	0.0	0.0	0.0	0.0
ENSG00000234884	0.0	0.0	0.0	0.0	0.0	0.0	0.0	0.0
ENSG00000234891	0.0	0.0	0.0	0.0	0.0	0.0	0.0	0.0
ENSG00000234892	0.0	0.0	0.0	0.0	0.0	0.0	0.0	0.0
ENSG00000234913	0.0	0.0	0.0	0.0	0.0	0.0	0.0	0.0
ENSG00000234928	0.0	0.0	0.0	0.0	0.0	0.0	0.0	0.0
ENSG00000234965	0.0	0.0	0.0	0.0	0.0	0.0	0.0	0.0
ENSG00000234979	0.0	0.0	0.0	0.0	0.0	0.0	0.0	0.0
ENSG00000235062	0.0	0.0	0.0	0.0	0.0	0.0	0.0	0.0
ENSG00000235091	0.0	0.0	0.0	0.0	0.0	0.0	0.0	0.0
ENSG00000235111	0.0	0.0	0.0	0.0	0.0	0.0	0.0	0.0
ENSG00000235154	0.0	0.0	0.0	0.0	0.0	0.0	0.0	0.0
ENSG00000235159	0.0	0.0	0.0	0.0	0.0	0.0	0.0	0.0
ENSG00000235209	0.0	0.0	0.0	0.0	0.0	0.0	0.0	0.0
ENSG00000235237	0.0	0.0	0.0	0.0	0.0	0.0	0.0	0.0
ENSG00000235246	0.0	0.0	0.0	0.0	0.0	0.0	0.0	0.0
ENSG00000235271	0.0	0.0	0.0	0.0	0.0	0.0	0.0	0.0
ENSG00000235295	0.0	0.0	0.0	0.0	0.0	0.0	0.0	0.0
ENSG00000235328	0.0	0.0	0.0	0.0	0.0	0.0	0.0	0.0
ENSG00000235343	0.0	0.0	0.0	0.0	0.0	0.0	0.0	0.0
ENSG00000235347	0.0	0.0	0.0	0.0	0.0	0.0	0.0	0.0
ENSG00000235445	0.0	0.0	0.0	0.0	0.0	0.0	0.0	0.0
ENSG00000235478	0.0	0.0	0.0	0.0	0.0	0.0	0.0	0.0
ENSG00000235485	0.0	0.0	0.0	0.0	0.0	0.0	0.0	0.0
ENSG00000235513	0.0	0.0	0.0	0.0	0.0	0.0	0.0	0.0
ENSG00000235568	0.0	0.0	0.0	0.0	0.0	0.0	0.0	0.0
ENSG00000235573	0.0	0.0	0.0	0.0	0.0	0.0	0.0	0.0
ENSG00000235578	0.0	0.0	0.0	0.0	0.0	0.0	0.0	0.0
ENSG00000235617	0.0	0.0	0.0	0.0	0.0	0.0	0.0	0.0
ENSG00000235647	0.0	0.0	0.0	0.0	0.0	0.0	0.0	0.0
ENSG00000235689	0.0	0.0	0.0	0.0	0.0	0.0	0.0	0.0
ENSG00000235759	0.0	0.0	0.0	0.0	0.0	0.0	0.0	0.0
ENSG00000235776	0.0	0.0	0.0	0.0	0.0	0.0	0.0	0.0
ENSG00000235786	0.0	0.0	0.0	0.0	0.0	0.0	0.0	0.0
ENSG00000235954	0.0	0.0	0.0	0.0	0.0	0.0	0.0	0.0
ENSG00000235969	0.0	0.0	0.0	0.0	0.0	0.0	0.0	0.0
ENSG00000235989	0.0	0.0	0.0	0.0	0.0	0.0	0.0	0.0
ENSG00000235992	0.0	0.0	0.0	0.0	0.0	0.0	0.0	0.0
ENSG00000236003	0.0	0.0	0.0	0.0	0.0	0.0	0.0	0.0
ENSG00000236052	0.0	0.0	0.0	0.0	0.0	0.0	0.0	0.0
ENSG00000236054	0.0	0.0	0.0	0.0	0.0	0.0	0.0	0.0
ENSG00000236079	0.0	0.0	0.0	0.0	0.0	0.0	0.0	0.0
ENSG00000236097	0.0	0.0	0.0	0.0	0.0	0.0	0.0	0.0
ENSG00000236117	0.0	0.0	0.0	0.0	0.0	0.0	0.0	0.0
ENSG00000236118	0.0	0.0	0.0	0.0	0.0	0.0	0.0	0.0
ENSG00000236132	0.0	0.0	0.0	0.0	0.0	0.0	0.0	0.0
ENSG00000236235	0.0	0.0	0.0	0.0	0.0	0.0	0.0	0.0
ENSG00000236272	0.0	0.0	0.0	0.0	0.0	0.0	0.0	0.0
ENSG00000236323	0.0	0.0	0.0	0.0	0.0	0.0	0.0	0.0
ENSG00000236325	0.0	0.0	0.0	0.0	0.0	0.0	0.0	0.0
ENSG00000236464	0.0	0.0	0.0	0.0	0.0	0.0	0.0	0.0
ENSG00000236499	0.0	0.0	0.0	0.0	0.0	0.0	0.0	0.0
ENSG00000236540	0.0	0.0	0.0	0.0	0.0	0.0	0.0	0.0
ENSG00000236611	0.0	0.0	0.0	0.0	0.0	0.0	0.0	0.0
ENSG00000236641	0.0	0.0	0.0	0.0	0.0	0.0	0.0	0.0
ENSG00000236666	0.0	0.0	0.0	0.0	0.0	0.0	0.0	0.0
ENSG00000236670	0.0	0.0	0.0	0.0	0.0	0.0	0.0	0.0
ENSG00000236754	0.0	0.0	0.0	0.0	0.0	0.0	0.0	0.0
ENSG00000236794	0.0	0.0	0.0	0.0	0.0	0.0	0.0	0.0
ENSG00000236831	0.0	0.0	0.0	0.0	0.0	0.0	0.0	0.0
ENSG00000236858	0.0	0.0	0.0	0.0	0.0	0.0	0.0	0.0
ENSG00000236867	0.0	0.0	0.0	0.0	0.0	0.0	0.0	0.0
ENSG00000236890	0.0	0.0	0.0	0.0	0.0	0.0	0.0	0.0
ENSG00000237015	0.0	0.0	0.0	0.0	0.0	0.0	0.0	0.0
ENSG00000237037	0.0	0.0	0.0	0.0	0.0	0.0	0.0	0.0
ENSG00000237127	0.0	0.0	0.0	0.0	0.0	0.0	0.0	0.0
ENSG00000237129	0.0	0.0	0.0	0.0	0.0	0.0	0.0	0.0
ENSG00000237214	0.0	0.0	0.0	0.0	0.0	0.0	0.0	0.0
ENSG00000237299	0.0	0.0	0.0	0.0	0.0	0.0	0.0	0.0
ENSG00000237316	0.0	0.0	0.0	0.0	0.0	0.0	0.0	0.0
ENSG00000237347	0.0	0.0	0.0	0.0	0.0	0.0	0.0	0.0
ENSG00000237358	0.0	0.0	0.0	0.0	0.0	0.0	0.0	0.0
ENSG00000237387	0.0	0.0	0.0	0.0	0.0	0.0	0.0	0.0
ENSG00000237406	0.0	0.0	0.0	0.0	0.0	0.0	0.0	0.0
ENSG00000237407	0.0	0.0	0.0	0.0	0.0	0.0	0.0	0.0
ENSG00000237428	0.0	0.0	0.0	0.0	0.0	0.0	0.0	0.0
ENSG00000237438	0.0	0.0	0.0	0.0	0.0	0.0	0.0	0.0
ENSG00000237439	0.0	0.0	0.0	0.0	0.0	0.0	0.0	0.0
ENSG00000237446	0.0	0.0	0.0	0.0	0.0	0.0	0.0	0.0
ENSG00000237472	0.0	0.0	0.0	0.0	0.0	0.0	0.0	0.0
ENSG00000237476	0.0	0.0	0.0	0.0	0.0	0.0	0.0	0.0
ENSG00000237517	0.0	0.0	0.0	0.0	0.0	0.0	0.0	0.0
ENSG00000237601	0.0	0.0	0.0	0.0	0.0	0.0	0.0	0.0
ENSG00000237668	0.0	0.0	0.0	0.0	0.0	0.0	0.0	0.0
ENSG00000237689	0.0	0.0	0.0	0.0	0.0	0.0	0.0	0.0
ENSG00000237835	0.0	0.0	0.0	0.0	0.0	0.0	0.0	0.0
ENSG00000237862	0.0	0.0	0.0	0.0	0.0	0.0	0.0	0.0
ENSG00000237948	0.0	0.0	0.0	0.0	0.0	0.0	0.0	0.0
ENSG00000237977	0.0	0.0	0.0	0.0	0.0	0.0	0.0	0.0
ENSG00000238120	0.0	0.0	0.0	0.0	0.0	0.0	0.0	0.0
ENSG00000238125	0.0	0.0	0.0	0.0	0.0	0.0	0.0	0.0
ENSG00000238153	0.0	0.0	0.0	0.0	0.0	0.0	0.0	0.0
ENSG00000238192	0.0	0.0	0.0	0.0	0.0	0.0	0.0	0.0
ENSG00000238195	0.0	0.0	0.0	0.0	0.0	0.0	0.0	0.0
ENSG00000238498	0.0	0.0	0.0	0.0	0.0	0.0	0.0	0.0
ENSG00000238584	0.0	0.0	0.0	0.0	0.0	0.0	0.0	0.0
ENSG00000238875	0.0	0.0	0.0	0.0	0.0	0.0	0.0	0.0
ENSG00000239127	0.0	0.0	0.0	0.0	0.0	0.0	0.0	0.0
ENSG00000239249	0.0	0.0	0.0	0.0	0.0	0.0	0.0	0.0
ENSG00000239282	1218.34	1395.49	1485.99	1553.64	1084.97	2103.69	2080.51	1055.06
ENSG00000239435	0.0	0.0	0.0	0.0	0.0	0.0	0.0	0.0
ENSG00000239446	0.0	0.0	0.0	0.0	0.0	0.0	0.0	0.0
ENSG00000239511	0.0	0.0	0.0	0.0	0.0	0.0	0.0	0.0
ENSG00000239547	0.0	0.0	0.0	0.0	0.0	0.0	0.0	0.0
ENSG00000239674	0.0	0.0	0.0	0.0	0.0	0.0	0.0	0.0
ENSG00000239713	0.0	0.0	0.0	0.0	0.0	0.0	0.0	0.0
ENSG00000239900	9223.6	8724.25	8887.87	9153.88	7994.87	7593.03	6755.42	6727.76
ENSG00000239989	0.0	0.0	0.0	0.0	0.0	0.0	0.0	0.0
ENSG00000240122	0.0	0.0	0.0	0.0	0.0	0.0	0.0	0.0
ENSG00000240160	0.0	0.0	0.0	0.0	0.0	0.0	0.0	0.0
ENSG00000240186	0.0	0.0	0.0	0.0	0.0	0.0	0.0	0.0
ENSG00000240591	0.0	0.0	0.0	0.0	0.0	0.0	0.0	0.0
ENSG00000240647	0.0	0.0	0.0	0.0	0.0	0.0	0.0	0.0
ENSG00000240972	0.0	0.0	0.0	0.0	0.0	0.0	0.0	0.0
ENSG00000241333	0.0	0.0	0.0	0.0	0.0	0.0	0.0	0.0
ENSG00000241360	0.0	0.0	0.0	0.0	0.0	0.0	0.0	0.0
ENSG00000241484	3519.16	4613.18	2644.91	3524.09	2841.44	1928.54	3947.77	2450.68
ENSG00000241527	0.0	0.0	0.0	0.0	0.0	0.0	0.0	0.0
ENSG00000241693	0.0	0.0	0.0	0.0	0.0	0.0	0.0	0.0
ENSG00000241717	0.0	0.0	0.0	0.0	0.0	0.0	0.0	0.0
ENSG00000241832	0.0	0.0	0.0	0.0	0.0	0.0	0.0	0.0
ENSG00000241838	0.0	0.0	0.0	0.0	0.0	0.0	0.0	0.0
ENSG00000241878	735.52	730.39	652.09	566.95	1306.88	791.82	726.86	1092.4
ENSG00000241954	0.0	0.0	0.0	0.0	0.0	0.0	0.0	0.0
ENSG00000241973	1623.32	1758.44	1715.29	1673.12	1715.92	1947.93	1553.95	1355.54
ENSG00000241990	0.0	0.0	0.0	0.0	0.0	0.0	0.0	0.0
ENSG00000242082	0.0	0.0	0.0	0.0	0.0	0.0	0.0	0.0
ENSG00000242114	1079.03	1048.69	1039.99	943.57	1006.03	1148.97	871.94	1502.99
ENSG00000242156	0.0	0.0	0.0	0.0	0.0	0.0	0.0	0.0
ENSG00000242247	2078.22	2553.18	2868.87	2656.33	3763.96	4127.58	2767.77	3342.0
ENSG00000242251	0.0	0.0	0.0	0.0	0.0	0.0	0.0	0.0
ENSG00000242259	1123.46	935.57	827.45	1059.3	931.6	1420.77	1018.17	1052.52
ENSG00000242876	0.0	0.0	0.0	0.0	0.0	0.0	0.0	0.0
ENSG00000243156	1700.55	1678.19	1564.76	1420.44	1783.47	1613.49	1757.82	1726.58
ENSG00000243519	0.0	0.0	0.0	0.0	0.0	0.0	0.0	0.0
ENSG00000243762	0.0	0.0	0.0	0.0	0.0	0.0	0.0	0.0
ENSG00000243811	3380.73	2307.88	2587.8	3352.71	2643.14	2566.68	3291.33	3056.52
ENSG00000243902	0.0	0.0	0.0	0.0	0.0	0.0	0.0	0.0
ENSG00000244296	0.0	0.0	0.0	0.0	0.0	0.0	0.0	0.0
ENSG00000244425	0.0	0.0	0.0	0.0	0.0	0.0	0.0	0.0
ENSG00000244486	0.0	0.0	0.0	0.0	0.0	0.0	0.0	0.0
ENSG00000244491	0.0	0.0	0.0	0.0	0.0	0.0	0.0	0.0
ENSG00000244509	0.0	0.0	0.0	0.0	0.0	0.0	0.0	0.0
ENSG00000244625	0.0	0.0	0.0	0.0	0.0	0.0	0.0	0.0
ENSG00000244627	0.0	0.0	0.0	0.0	0.0	0.0	0.0	0.0
ENSG00000244671	0.0	0.0	0.0	0.0	0.0	0.0	0.0	0.0
ENSG00000244723	0.0	0.0	0.0	0.0	0.0	0.0	0.0	0.0
ENSG00000244752	1181.2	2535.1	2477.63	2272.15	2188.12	2369.75	1808.51	2659.02
ENSG00000248405	0.0	0.0	0.0	0.0	0.0	0.0	0.0	0.0
ENSG00000248409	0.0	0.0	0.0	0.0	0.0	0.0	0.0	0.0
ENSG00000248751	479.56	583.64	425.69	374.65	1296.57	749.41	655.34	1163.2
ENSG00000249222	0.0	0.0	0.0	0.0	0.0	0.0	0.0	0.0
ENSG00000249263	0.0	0.0	0.0	0.0	0.0	0.0	0.0	0.0
ENSG00000249288	0.0	0.0	0.0	0.0	0.0	0.0	0.0	0.0
ENSG00000249310	0.0	0.0	0.0	0.0	0.0	0.0	0.0	0.0
ENSG00000249333	0.0	0.0	0.0	0.0	0.0	0.0	0.0	0.0
ENSG00000249590	1190.08	1216.31	1141.86	580.9	1808.83	1483.6	1011.16	1619.33
ENSG00000249680	0.0	0.0	0.0	0.0	0.0	0.0	0.0	0.0
ENSG00000249923	0.0	0.0	0.0	0.0	0.0	0.0	0.0	0.0
ENSG00000250261	0.0	0.0	0.0	0.0	0.0	0.0	0.0	0.0
ENSG00000250318	0.0	0.0	0.0	0.0	0.0	0.0	0.0	0.0
ENSG00000250470	0.0	0.0	0.0	0.0	0.0	0.0	0.0	0.0
ENSG00000250479	0.0	0.0	0.0	0.0	0.0	0.0	0.0	0.0
ENSG00000251322	2075.68	1789.83	1913.02	2002.88	1772.9	1702.89	1728.79	1865.85
ENSG00000251357	0.0	0.0	0.0	0.0	0.0	0.0	0.0	0.0
ENSG00000251890	0.0	0.0	0.0	0.0	0.0	0.0	0.0	0.0
ENSG00000251913	0.0	0.0	0.0	0.0	0.0	0.0	0.0	0.0
ENSG00000251940	0.0	0.0	0.0	0.0	0.0	0.0	0.0	0.0
ENSG00000251952	0.0	0.0	0.0	0.0	0.0	0.0	0.0	0.0
ENSG00000251985	0.0	0.0	0.0	0.0	0.0	0.0	0.0	0.0
ENSG00000252020	0.0	0.0	0.0	0.0	0.0	0.0	0.0	0.0
ENSG00000252143	0.0	0.0	0.0	0.0	0.0	0.0	0.0	0.0
ENSG00000252225	0.0	0.0	0.0	0.0	0.0	0.0	0.0	0.0
ENSG00000252267	0.0	0.0	0.0	0.0	0.0	0.0	0.0	0.0
ENSG00000252412	0.0	0.0	0.0	0.0	0.0	0.0	0.0	0.0
ENSG00000252603	0.0	0.0	0.0	0.0	0.0	0.0	0.0	0.0
ENSG00000252859	0.0	0.0	0.0	0.0	0.0	0.0	0.0	0.0
ENSG00000252909	0.0	0.0	0.0	0.0	0.0	0.0	0.0	0.0
ENSG00000253007	0.0	0.0	0.0	0.0	0.0	0.0	0.0	0.0
ENSG00000253120	0.0	0.0	0.0	0.0	0.0	0.0	0.0	0.0
ENSG00000253126	0.0	0.0	0.0	0.0	0.0	0.0	0.0	0.0
ENSG00000253152	0.0	0.0	0.0	0.0	0.0	0.0	0.0	0.0
ENSG00000253234	0.0	0.0	0.0	0.0	0.0	0.0	0.0	0.0
ENSG00000253239	0.0	0.0	0.0	0.0	0.0	0.0	0.0	0.0
ENSG00000253242	0.0	0.0	0.0	0.0	0.0	0.0	0.0	0.0
ENSG00000253329	0.0	0.0	0.0	0.0	0.0	0.0	0.0	0.0
ENSG00000253338	0.0	0.0	0.0	0.0	0.0	0.0	0.0	0.0
ENSG00000253352	0.0	0.0	0.0	0.0	0.0	0.0	0.0	0.0
ENSG00000253448	0.0	0.0	0.0	0.0	0.0	0.0	0.0	0.0
ENSG00000253451	0.0	0.0	0.0	0.0	0.0	0.0	0.0	0.0
ENSG00000253460	0.0	0.0	0.0	0.0	0.0	0.0	0.0	0.0
ENSG00000253481	0.0	0.0	0.0	0.0	0.0	0.0	0.0	0.0
ENSG00000253546	0.0	0.0	0.0	0.0	0.0	0.0	0.0	0.0
ENSG00000253590	0.0	0.0	0.0	0.0	0.0	0.0	0.0	0.0
ENSG00000253631	0.0	0.0	0.0	0.0	0.0	0.0	0.0	0.0
ENSG00000253637	0.0	0.0	0.0	0.0	0.0	0.0	0.0	0.0
ENSG00000253691	0.0	0.0	0.0	0.0	0.0	0.0	0.0	0.0
ENSG00000253752	0.0	0.0	0.0	0.0	0.0	0.0	0.0	0.0
ENSG00000253779	0.0	0.0	0.0	0.0	0.0	0.0	0.0	0.0
ENSG00000253786	0.0	0.0	0.0	0.0	0.0	0.0	0.0	0.0
ENSG00000253794	0.0	0.0	0.0	0.0	0.0	0.0	0.0	0.0
ENSG00000253818	0.0	0.0	0.0	0.0	0.0	0.0	0.0	0.0
ENSG00000253822	0.0	0.0	0.0	0.0	0.0	0.0	0.0	0.0
ENSG00000253823	0.0	0.0	0.0	0.0	0.0	0.0	0.0	0.0
ENSG00000253874	0.0	0.0	0.0	0.0	0.0	0.0	0.0	0.0
ENSG00000253889	0.0	0.0	0.0	0.0	0.0	0.0	0.0	0.0
ENSG00000253913	0.0	0.0	0.0	0.0	0.0	0.0	0.0	0.0
ENSG00000253920	0.0	0.0	0.0	0.0	0.0	0.0	0.0	0.0
ENSG00000253935	0.0	0.0	0.0	0.0	0.0	0.0	0.0	0.0
ENSG00000253963	0.0	0.0	0.0	0.0	0.0	0.0	0.0	0.0
ENSG00000254029	0.0	0.0	0.0	0.0	0.0	0.0	0.0	0.0
ENSG00000254030	0.0	0.0	0.0	0.0	0.0	0.0	0.0	0.0
ENSG00000254073	0.0	0.0	0.0	0.0	0.0	0.0	0.0	0.0
ENSG00000254075	0.0	0.0	0.0	0.0	0.0	0.0	0.0	0.0
ENSG00000254077	0.0	0.0	0.0	0.0	0.0	0.0	0.0	0.0
ENSG00000254127	0.0	0.0	0.0	0.0	0.0	0.0	0.0	0.0
ENSG00000254161	0.0	0.0	0.0	0.0	0.0	0.0	0.0	0.0
ENSG00000254175	0.0	0.0	0.0	0.0	0.0	0.0	0.0	0.0
ENSG00000254240	0.0	0.0	0.0	0.0	0.0	0.0	0.0	0.0
ENSG00000254264	0.0	0.0	0.0	0.0	0.0	0.0	0.0	0.0
ENSG00000254308	0.0	0.0	0.0	0.0	0.0	0.0	0.0	0.0
ENSG00000254355	0.0	0.0	0.0	0.0	0.0	0.0	0.0	0.0
ENSG00000254413	0.0	0.0	0.0	0.0	0.0	0.0	0.0	0.0
ENSG00000254499	0.0	0.0	0.0	0.0	0.0	0.0	0.0	0.0
ENSG00000254709	0.0	0.0	0.0	0.0	0.0	0.0	0.0	0.0
ENSG00000254835	0.0	0.0	0.0	0.0	0.0	0.0	0.0	0.0
ENSG00000255156	0.0	0.0	0.0	0.0	0.0	0.0	0.0	0.0
ENSG00000258555	361.26	367.0	258.59	274.53	273.58	331.63	318.59	271.54
ENSG00000259271	0.0	0.0	0.0	0.0	0.0	0.0	0.0	0.0
ENSG00000259421	0.0	0.0	0.0	0.0	0.0	0.0	0.0	0.0
ENSG00000260613	0.0	0.0	0.0	0.0	0.0	0.0	0.0	0.0
ENSG00000260708	0.0	0.0	0.0	0.0	0.0	0.0	0.0	0.0
ENSG00000260924	0.0	0.0	0.0	0.0	0.0	0.0	0.0	0.0
ENSG00000261188	0.0	0.0	0.0	0.0	0.0	0.0	0.0	0.0
ENSG00000261202	0.0	0.0	0.0	0.0	0.0	0.0	0.0	0.0
ENSG00000261251	0.0	0.0	0.0	0.0	0.0	0.0	0.0	0.0
ENSG00000261675	0.0	0.0	0.0	0.0	0.0	0.0	0.0	0.0
ENSG00000263366	0.0	0.0	0.0	0.0	0.0	0.0	0.0	0.0
ENSG00000263764	0.0	0.0	0.0	0.0	0.0	0.0	0.0	0.0
ENSG00000264073	0.0	0.0	0.0	0.0	0.0	0.0	0.0	0.0
ENSG00000264139	0.0	0.0	0.0	0.0	0.0	0.0	0.0	0.0
ENSG00000264141	0.0	0.0	0.0	0.0	0.0	0.0	0.0	0.0
ENSG00000264160	0.0	0.0	0.0	0.0	0.0	0.0	0.0	0.0
ENSG00000264346	0.0	0.0	0.0	0.0	0.0	0.0	0.0	0.0
ENSG00000264661	0.0	0.0	0.0	0.0	0.0	0.0	0.0	0.0
ENSG00000264757	0.0	0.0	0.0	0.0	0.0	0.0	0.0	0.0
ENSG00000264824	0.0	0.0	0.0	0.0	0.0	0.0	0.0	0.0
ENSG00000266012	0.0	0.0	0.0	0.0	0.0	0.0	0.0	0.0
ENSG00000266320	0.0	0.0	0.0	0.0	0.0	0.0	0.0	0.0
ENSG00000266503	0.0	0.0	0.0	0.0	0.0	0.0	0.0	0.0
ENSG00000266508	0.0	0.0	0.0	0.0	0.0	0.0	0.0	0.0
ENSG00000266533	0.0	0.0	0.0	0.0	0.0	0.0	0.0	0.0
ENSG00000266594	0.0	0.0	0.0	0.0	0.0	0.0	0.0	0.0
ENSG00000266887	0.0	0.0	0.0	0.0	0.0	0.0	0.0	0.0
ENSG00000267338	0.0	0.0	0.0	0.0	0.0	0.0	0.0	0.0
ENSG00000268292	0.0	0.0	0.0	0.0	0.0	0.0	0.0	0.0
ENSG00000268812	0.0	0.0	0.0	0.0	0.0	0.0	0.0	0.0
ENSG00000268818	0.0	0.0	0.0	0.0	0.0	0.0	0.0	0.0
ENSG00000269220	0.0	0.0	0.0	0.0	0.0	0.0	0.0	0.0
ENSG00000269972	0.0	0.0	0.0	0.0	0.0	0.0	0.0	0.0
ENSG00000269987	0.0	0.0	0.0	0.0	0.0	0.0	0.0	0.0
ENSG00000270022	0.0	0.0	0.0	0.0	0.0	0.0	0.0	0.0
ENSG00000270083	0.0	0.0	0.0	0.0	0.0	0.0	0.0	0.0
ENSG00000270226	0.0	0.0	0.0	0.0	0.0	0.0	0.0	0.0
ENSG00000270393	0.0	0.0	0.0	0.0	0.0	0.0	0.0	0.0
ENSG00000271093	0.0	0.0	0.0	0.0	0.0	0.0	0.0	0.0
ENSG00000271127	0.0	0.0	0.0	0.0	0.0	0.0	0.0	0.0
ENSG00000271138	0.0	0.0	0.0	0.0	0.0	0.0	0.0	0.0
ENSG00000271181	0.0	0.0	0.0	0.0	0.0	0.0	0.0	0.0
ENSG00000271275	0.0	0.0	0.0	0.0	0.0	0.0	0.0	0.0
ENSG00000271672	0.0	0.0	0.0	0.0	0.0	0.0	0.0	0.0
ENSG00000272578	0.0	0.0	0.0	0.0	0.0	0.0	0.0	0.0
ENSG00000272582	0.0	0.0	0.0	0.0	0.0	0.0	0.0	0.0
ENSG00000272600	0.0	0.0	0.0	0.0	0.0	0.0	0.0	0.0
ENSG00000272666	0.0	0.0	0.0	0.0	0.0	0.0	0.0	0.0
ENSG00000272669	0.0	0.0	0.0	0.0	0.0	0.0	0.0	0.0
ENSG00000272682	0.0	0.0	0.0	0.0	0.0	0.0	0.0	0.0
ENSG00000272689	0.0	0.0	0.0	0.0	0.0	0.0	0.0	0.0
ENSG00000272694	0.0	0.0	0.0	0.0	0.0	0.0	0.0	0.0
ENSG00000272720	0.0	0.0	0.0	0.0	0.0	0.0	0.0	0.0
ENSG00000272733	0.0	0.0	0.0	0.0	0.0	0.0	0.0	0.0
ENSG00000272779	0.0	0.0	0.0	0.0	0.0	0.0	0.0	0.0
ENSG00000272787	0.0	0.0	0.0	0.0	0.0	0.0	0.0	0.0
ENSG00000272798	0.0	0.0	0.0	0.0	0.0	0.0	0.0	0.0
ENSG00000272821	0.0	0.0	0.0	0.0	0.0	0.0	0.0	0.0
ENSG00000272829	0.0	0.0	0.0	0.0	0.0	0.0	0.0	0.0
ENSG00000272834	0.0	0.0	0.0	0.0	0.0	0.0	0.0	0.0
ENSG00000272836	0.0	0.0	0.0	0.0	0.0	0.0	0.0	0.0
ENSG00000272858	0.0	0.0	0.0	0.0	0.0	0.0	0.0	0.0
ENSG00000272872	0.0	0.0	0.0	0.0	0.0	0.0	0.0	0.0
ENSG00000272940	0.0	0.0	0.0	0.0	0.0	0.0	0.0	0.0
ENSG00000272942	0.0	0.0	0.0	0.0	0.0	0.0	0.0	0.0
ENSG00000272954	0.0	0.0	0.0	0.0	0.0	0.0	0.0	0.0
ENSG00000272973	0.0	0.0	0.0	0.0	0.0	0.0	0.0	0.0
ENSG00000272977	0.0	0.0	0.0	0.0	0.0	0.0	0.0	0.0
ENSG00000273032	0.0	0.0	0.0	0.0	0.0	0.0	0.0	0.0
ENSG00000273044	0.0	0.0	0.0	0.0	0.0	0.0	0.0	0.0
ENSG00000273068	0.0	0.0	0.0	0.0	0.0	0.0	0.0	0.0
ENSG00000273076	0.0	0.0	0.0	0.0	0.0	0.0	0.0	0.0
ENSG00000273082	0.0	0.0	0.0	0.0	0.0	0.0	0.0	0.0
ENSG00000273096	0.0	0.0	0.0	0.0	0.0	0.0	0.0	0.0
ENSG00000273137	0.0	0.0	0.0	0.0	0.0	0.0	0.0	0.0
ENSG00000273139	0.0	0.0	0.0	0.0	0.0	0.0	0.0	0.0
ENSG00000273145	0.0	0.0	0.0	0.0	0.0	0.0	0.0	0.0
ENSG00000273164	0.0	0.0	0.0	0.0	0.0	0.0	0.0	0.0
ENSG00000273176	0.0	0.0	0.0	0.0	0.0	0.0	0.0	0.0
ENSG00000273188	0.0	0.0	0.0	0.0	0.0	0.0	0.0	0.0
ENSG00000273192	0.0	0.0	0.0	0.0	0.0	0.0	0.0	0.0
ENSG00000273203	0.0	0.0	0.0	0.0	0.0	0.0	0.0	0.0
ENSG00000273212	0.0	0.0	0.0	0.0	0.0	0.0	0.0	0.0
ENSG00000273214	0.0	0.0	0.0	0.0	0.0	0.0	0.0	0.0
ENSG00000273216	0.0	0.0	0.0	0.0	0.0	0.0	0.0	0.0
ENSG00000273243	0.0	0.0	0.0	0.0	0.0	0.0	0.0	0.0
ENSG00000273244	0.0	0.0	0.0	0.0	0.0	0.0	0.0	0.0
ENSG00000273253	0.0	0.0	0.0	0.0	0.0	0.0	0.0	0.0
ENSG00000273272	0.0	0.0	0.0	0.0	0.0	0.0	0.0	0.0
ENSG00000273287	0.0	0.0	0.0	0.0	0.0	0.0	0.0	0.0
ENSG00000273289	0.0	0.0	0.0	0.0	0.0	0.0	0.0	0.0
ENSG00000273295	0.0	0.0	0.0	0.0	0.0	0.0	0.0	0.0
ENSG00000273300	0.0	0.0	0.0	0.0	0.0	0.0	0.0	0.0
ENSG00000273311	0.0	0.0	0.0	0.0	0.0	0.0	0.0	0.0
ENSG00000273325	0.0	0.0	0.0	0.0	0.0	0.0	0.0	0.0
ENSG00000273342	0.0	0.0	0.0	0.0	0.0	0.0	0.0	0.0
ENSG00000273343	0.0	0.0	0.0	0.0	0.0	0.0	0.0	0.0
ENSG00000273350	0.0	0.0	0.0	0.0	0.0	0.0	0.0	0.0
ENSG00000273353	0.0	0.0	0.0	0.0	0.0	0.0	0.0	0.0
ENSG00000273362	0.0	0.0	0.0	0.0	0.0	0.0	0.0	0.0
ENSG00000273387	0.0	0.0	0.0	0.0	0.0	0.0	0.0	0.0
ENSG00000273424	0.0	0.0	0.0	0.0	0.0	0.0	0.0	0.0
ENSG00000273428	0.0	0.0	0.0	0.0	0.0	0.0	0.0	0.0
ENSG00000273442	0.0	0.0	0.0	0.0	0.0	0.0	0.0	0.0
ENSG00000273643	0.0	0.0	0.0	0.0	0.0	0.0	0.0	0.0
ENSG00000273846	0.0	0.0	0.0	0.0	0.0	0.0	0.0	0.0
ENSG00000273866	0.0	0.0	0.0	0.0	0.0	0.0	0.0	0.0
ENSG00000273899	1424.88	1841.7	1467.51	1688.51	1816.6	1109.03	1936.84	1808.19
ENSG00000273907	0.0	0.0	0.0	0.0	0.0	0.0	0.0	0.0
ENSG00000273979	0.0	0.0	0.0	0.0	0.0	0.0	0.0	0.0
ENSG00000274044	0.0	0.0	0.0	0.0	0.0	0.0	0.0	0.0
ENSG00000274170	0.0	0.0	0.0	0.0	0.0	0.0	0.0	0.0
ENSG00000274252	0.0	13.05	0.0	0.0	0.0	0.0	0.0	0.0
ENSG00000274280	0.0	0.0	0.0	0.0	0.0	0.0	0.0	0.0
ENSG00000274342	0.0	0.0	0.0	0.0	0.0	0.0	0.0	0.0
ENSG00000274381	0.0	0.0	0.0	0.0	0.0	0.0	0.0	0.0
ENSG00000274422	0.0	0.0	0.0	0.0	0.0	0.0	0.0	0.0
ENSG00000274552	0.0	0.0	0.0	0.0	0.0	0.0	0.0	0.0
ENSG00000274600	0.0	0.0	0.0	0.0	0.0	0.0	0.0	0.0
ENSG00000274602	0.0	0.0	0.0	0.0	6.31	9.54	0.0	0.0
ENSG00000274617	0.0	0.0	0.0	0.0	0.0	0.0	0.0	0.0
ENSG00000274625	0.0	0.0	0.0	0.0	0.0	0.0	0.0	0.0
ENSG00000274717	0.0	0.0	0.0	0.0	0.0	0.0	0.0	0.0
ENSG00000275004	770.73	862.22	762.58	891.06	834.33	831.68	659.41	1059.87
ENSG00000275060	0.0	0.0	0.0	0.0	0.0	0.0	0.0	0.0
ENSG00000275293	0.0	0.0	0.0	0.0	0.0	0.0	0.0	0.0
ENSG00000275307	0.0	0.0	0.0	0.0	0.0	0.0	0.0	0.0
ENSG00000275319	0.0	0.0	0.0	0.0	0.0	0.0	0.0	0.0
ENSG00000275361	0.0	0.0	0.0	0.0	0.0	0.0	0.0	0.0
ENSG00000275362	0.0	0.0	0.0	0.0	0.0	0.0	0.0	0.0
ENSG00000275609	0.0	0.0	0.0	0.0	0.0	0.0	0.0	0.0
ENSG00000275635	0.0	0.0	0.0	0.0	0.0	0.0	0.0	0.0
ENSG00000275656	0.0	0.0	0.0	0.0	0.0	0.0	0.0	0.0
ENSG00000275772	0.0	0.0	0.0	0.0	0.0	0.0	0.0	0.0
ENSG00000275793	0.0	0.0	0.0	0.0	0.0	0.0	0.0	0.0
ENSG00000275818	0.0	0.0	0.0	0.0	0.0	0.0	0.0	0.0
ENSG00000275840	0.0	0.0	0.0	0.0	0.0	0.0	0.0	0.0
ENSG00000275942	0.0	0.0	0.0	0.0	0.0	0.0	0.0	0.0
ENSG00000276027	0.0	0.0	0.0	0.0	0.0	0.0	0.0	0.0
ENSG00000276057	0.0	0.0	0.0	0.0	0.0	0.0	0.0	0.0
ENSG00000276095	0.0	0.0	0.0	0.0	0.0	0.0	0.0	0.0
ENSG00000276138	0.0	0.0	0.0	0.0	0.0	0.0	0.0	0.0
ENSG00000276150	0.0	0.0	0.0	0.0	0.0	0.0	0.0	0.0
ENSG00000276160	0.0	0.0	0.0	0.0	0.0	0.0	0.0	0.0
ENSG00000276162	0.0	0.0	0.0	0.0	0.0	0.0	0.0	0.0
ENSG00000276400	0.0	0.0	0.0	0.0	0.0	0.0	0.0	0.0
ENSG00000276427	0.0	0.0	0.0	0.0	0.0	0.0	0.0	0.0
ENSG00000276664	0.0	0.0	0.0	0.0	0.0	0.0	0.0	0.0
ENSG00000276675	0.0	0.0	0.0	0.0	0.0	0.0	0.0	0.0
ENSG00000276753	0.0	0.0	0.0	0.0	0.0	0.0	0.0	0.0
ENSG00000276800	0.0	0.0	0.0	0.0	0.0	0.0	0.0	0.0
ENSG00000276871	0.0	0.0	0.0	0.0	0.0	0.0	0.0	0.0
ENSG00000276874	0.0	0.0	0.0	0.0	0.0	0.0	0.0	0.0
ENSG00000276950	2192.59	1774.77	1873.17	2247.86	1972.95	2389.39	2020.82	2160.22
ENSG00000276965	0.0	0.0	0.0	0.0	0.0	0.0	0.0	0.0
ENSG00000276991	0.0	0.0	0.0	0.0	0.0	0.0	0.0	0.0
ENSG00000277017	0.0	0.0	0.0	0.0	0.0	0.0	0.0	0.0
ENSG00000277232	0.0	0.0	0.0	0.0	0.0	0.0	0.0	0.0
ENSG00000277248	0.0	0.0	0.0	0.0	0.0	0.0	0.0	0.0
ENSG00000277385	0.0	0.0	0.0	0.0	0.0	0.0	0.0	0.0
ENSG00000277460	0.0	0.0	0.0	0.0	0.0	0.0	0.0	0.0
ENSG00000277690	0.0	0.0	0.0	0.0	0.0	0.0	0.0	0.0
ENSG00000277771	0.0	0.0	0.0	0.0	0.0	0.0	0.0	0.0
ENSG00000277870	0.0	0.0	0.0	0.0	0.0	0.0	0.0	0.0
ENSG00000277872	0.0	0.0	0.0	0.0	0.0	0.0	0.0	0.0
ENSG00000277941	0.0	0.0	0.0	0.0	0.0	0.0	0.0	0.0
ENSG00000277950	0.0	0.0	0.0	0.0	0.0	0.0	0.0	0.0
ENSG00000277971	208.0	659.99	600.62	1173.35	688.42	1035.43	550.34	1124.41
ENSG00000278008	0.0	0.0	0.0	0.0	0.0	0.0	0.0	0.0
ENSG00000278044	0.0	0.0	0.0	0.0	0.0	0.0	0.0	0.0
ENSG00000278110	0.0	0.0	0.0	0.0	0.0	0.0	0.0	0.0
ENSG00000278188	0.0	0.0	0.0	0.0	0.0	0.0	0.0	0.0
ENSG00000278195	1219.54	1360.45	1191.44	1497.33	1720.39	1464.47	1271.91	1210.21
ENSG00000278196	0.0	0.0	0.0	0.0	0.0	0.0	0.0	0.0
ENSG00000278278	0.0	0.0	0.0	0.0	0.0	0.0	0.0	0.0
ENSG00000278292	0.0	0.0	0.0	0.0	0.0	0.0	0.0	0.0
ENSG00000278404	0.0	0.0	0.0	0.0	0.0	0.0	0.0	0.0
ENSG00000278420	0.0	0.0	0.0	0.0	0.0	0.0	0.0	0.0
ENSG00000278558	6296.28	4362.72	5547.84	5702.25	4600.82	7435.13	4598.72	5033.38
ENSG00000278655	0.0	0.0	0.0	0.0	0.0	0.0	0.0	0.0
ENSG00000278657	0.0	0.0	0.0	0.0	0.0	0.0	0.0	0.0
ENSG00000278667	0.0	0.0	0.0	0.0	0.0	0.0	0.0	0.0
ENSG00000278869	0.0	0.0	0.0	0.0	0.0	0.0	0.0	0.0
ENSG00000278881	0.0	0.0	0.0	0.0	0.0	0.0	0.0	0.0
ENSG00000278890	0.0	0.0	0.0	0.0	0.0	0.0	0.0	0.0
ENSG00000278920	0.0	0.0	0.0	0.0	0.0	0.0	0.0	0.0
ENSG00000278948	0.0	0.0	0.0	0.0	0.0	0.0	0.0	0.0
ENSG00000278960	0.0	0.0	0.0	0.0	0.0	0.0	0.0	0.0
ENSG00000279006	0.0	0.0	0.0	0.0	0.0	0.0	0.0	0.0
ENSG00000279080	0.0	0.0	0.0	0.0	0.0	0.0	0.0	0.0
ENSG00000279085	0.0	0.0	0.0	0.0	0.0	0.0	0.0	0.0
ENSG00000279110	0.0	0.0	0.0	0.0	0.0	0.0	0.0	0.0
ENSG00000279159	0.19	0.2	0.0	0.0	0.19	0.38	0.0	0.0
ENSG00000279175	0.0	0.0	0.0	0.0	0.0	0.0	0.0	0.0
ENSG00000279182	0.0	0.0	0.0	0.0	0.0	0.0	0.0	0.0
ENSG00000279217	0.0	0.0	0.0	0.0	0.0	0.0	0.0	0.0
ENSG00000279278	0.0	0.0	0.0	0.0	0.0	0.0	0.0	0.0
ENSG00000279298	0.0	0.0	0.0	0.0	0.0	0.0	0.0	0.0
ENSG00000279345	0.0	0.0	0.0	0.0	0.0	0.0	0.0	0.0
ENSG00000279440	0.0	0.0	0.0	0.0	0.0	0.0	0.0	0.0
ENSG00000279442	0.0	0.0	0.0	0.0	0.0	0.0	0.0	0.0
ENSG00000279467	0.0	0.0	0.0	0.0	0.0	0.0	0.0	0.0
ENSG00000279494	0.0	0.0	0.0	0.0	0.0	0.0	0.0	0.0
ENSG00000279548	0.0	0.0	0.0	0.0	0.0	0.0	0.0	0.0
ENSG00000279597	0.0	0.0	0.0	0.0	0.0	0.0	0.0	0.0
ENSG00000279642	0.0	0.0	0.0	0.0	0.0	0.0	0.0	0.0
ENSG00000279652	0.0	0.0	0.0	0.0	0.0	0.0	0.0	0.0
ENSG00000279699	0.0	0.0	0.0	0.0	0.0	0.0	0.0	0.0
ENSG00000279712	0.0	0.0	0.0	0.0	0.0	0.0	0.0	0.0
ENSG00000279714	0.0	0.0	0.0	0.0	0.0	0.0	0.0	0.0
ENSG00000279738	0.0	0.0	0.0	0.0	0.98	0.96	0.0	0.0
ENSG00000279805	0.0	0.0	0.0	0.0	0.0	0.0	0.0	0.0
ENSG00000279833	0.0	0.0	0.0	0.0	0.0	0.0	0.0	0.0
ENSG00000279848	0.0	0.0	0.0	0.0	0.0	0.0	0.0	0.0
ENSG00000279914	0.0	0.0	0.0	0.0	0.0	0.0	0.0	0.0
ENSG00000279920	0.0	0.0	0.0	0.0	0.0	0.0	0.0	0.0
ENSG00000279927	0.0	0.0	0.0	0.0	0.0	0.0	0.0	0.0
ENSG00000279933	0.0	0.0	0.0	0.0	0.0	0.0	0.0	0.0
ENSG00000279954	0.0	0.0	0.0	0.0	0.0	0.0	0.0	0.0
ENSG00000279973	0.0	0.0	0.0	0.0	0.0	0.0	0.0	0.0
ENSG00000279987	0.0	0.0	0.0	0.0	0.0	0.0	0.0	0.0
ENSG00000280007	0.48	0.0	0.0	0.47	0.0	0.0	0.44	0.46
ENSG00000280011	0.0	0.0	0.0	0.0	0.0	0.0	0.0	0.0
ENSG00000280025	0.0	0.0	0.0	0.0	0.0	0.0	0.0	0.0
ENSG00000280080	0.0	0.0	0.0	0.0	0.0	0.0	0.0	0.0
ENSG00000280199	0.0	0.0	0.0	0.0	0.0	0.0	0.0	0.0
ENSG00000280216	0.0	0.0	0.0	0.0	0.0	0.0	0.0	0.0
ENSG00000280224	0.0	0.0	0.0	0.0	0.0	0.0	0.0	0.0
ENSG00000280263	0.0	0.0	0.0	0.0	0.0	0.0	0.0	0.0
ENSG00000280312	0.0	0.0	0.0	0.0	0.0	0.0	0.0	0.0
ENSG00000280341	0.0	0.0	0.0	0.0	0.0	0.0	0.0	0.0
ENSG00000280356	0.0	0.0	0.0	0.0	0.0	0.0	0.0	0.0
ENSG00000280383	0.0	0.0	0.0	0.0	0.0	0.0	0.0	0.0
ENSG00000280384	0.0	0.0	0.0	0.0	0.0	0.0	0.0	0.0
ENSG00000280395	0.0	0.0	0.0	0.0	0.0	0.0	0.0	0.0
ENSG00000280418	0.0	0.0	0.0	0.0	0.0	0.0	0.0	0.0
ENSG00000280424	0.0	0.0	0.0	0.0	0.0	0.0	0.0	0.0
ENSG00000280434	0.0	0.0	0.0	0.0	0.0	0.0	0.0	0.0
ENSG00000280445	0.0	0.0	0.0	0.0	0.0	0.0	0.0	0.0
ENSG00000280623	0.0	0.0	0.0	0.0	0.0	0.0	0.0	0.0
ENSG00000280968	0.0	0.0	0.0	0.0	0.0	0.0	0.0	0.0
ENSG00000281295	0.0	0.0	0.0	0.0	0.0	0.0	0.0	0.0
ENSG00000281530	0.0	0.0	0.0	0.0	0.0	0.0	0.0	0.0
ENSG00000281538	0.0	0.0	0.0	0.0	0.0	0.0	0.0	0.0
ENSG00000281548	0.0	0.0	0.0	0.0	0.0	0.0	0.0	0.0
ENSG00000281732	0.0	0.0	0.0	0.0	0.0	0.0	0.0	0.0
ENSG00000282012	0.0	0.0	0.0	0.0	0.0	0.0	0.0	0.0
ENSG00000282041	0.0	0.0	0.0	0.0	0.0	0.0	0.0	0.0
ENSG00000282602	0.0	0.0	0.0	0.0	0.0	0.0	0.0	0.0
ENSG00000282816	0.0	0.0	0.0	0.0	0.0	0.0	0.0	0.0
ENSG00000283023	0.0	0.0	0.0	0.0	0.0	0.0	0.0	0.0
ENSG00000283047	0.0	0.0	0.0	0.0	0.0	0.0	0.0	0.0
ENSG00000283145	0.0	0.0	0.0	0.0	0.0	0.0	0.0	0.0
ENSG00000283225	0.0	0.0	0.0	0.0	0.0	0.0	0.0	0.0
ENSG00000283366	0.0	0.0	0.0	0.0	0.0	0.0	0.0	0.0
ENSG00000283438	0.0	0.0	0.0	0.0	0.0	0.0	0.0	0.0
ENSG00000283535	0.0	0.0	0.0	0.0	0.0	0.0	0.0	0.0
ENSG00000283583	0.0	0.0	0.0	0.0	0.0	0.0	0.0	0.0
ENSG00000283633	0.0	0.0	0.0	0.0	0.0	0.0	0.0	0.0
ENSG00000283809	0.0	0.0	0.0	0.0	0.0	0.0	0.0	0.0
ENSG00000283829	0.0	0.0	0.0	0.0	0.0	0.0	0.0	0.0
ENSG00000283871	0.0	0.0	0.0	0.0	0.0	0.0	0.0	0.0
ENSG00000283900	0.0	0.0	0.0	0.0	0.0	0.0	0.0	0.0
ENSG00000283972	0.0	0.0	0.0	0.0	0.0	0.0	0.0	0.0
ENSG00000283990	0.0	0.0	0.0	0.0	0.0	0.0	0.0	0.0
ENSG00000284015	0.0	0.0	0.0	0.0	0.0	0.0	0.0	0.0
ENSG00000284031	0.0	0.0	0.0	0.0	0.0	0.0	0.0	0.0
ENSG00000284049	0.0	0.0	0.0	0.0	0.0	0.0	0.0	0.0
ENSG00000284060	0.0	0.0	0.0	0.0	0.0	0.0	0.0	0.0
ENSG00000284070	0.0	0.0	0.0	0.0	0.0	0.0	0.0	0.0
ENSG00000284082	0.0	0.0	0.0	0.0	0.0	0.0	0.0	0.0
ENSG00000284128	0.0	0.0	0.0	0.0	0.0	0.0	0.0	0.0
ENSG00000284130	0.0	0.0	0.0	0.0	0.0	0.0	0.0	0.0
ENSG00000284140	0.0	0.0	0.0	0.0	0.0	0.0	0.0	0.0
ENSG00000284175	0.0	0.0	0.0	0.0	0.0	0.0	0.0	0.0
ENSG00000284194	1672.41	1844.39	2170.38	1983.71	2398.57	1701.5	2223.99	2001.07
ENSG00000284197	0.0	0.0	0.0	0.0	0.0	0.0	0.0	0.0
ENSG00000284233	0.0	0.0	0.0	0.0	0.0	0.0	0.0	0.0
ENSG00000284266	0.0	0.0	0.0	0.0	0.0	0.0	0.0	0.0
ENSG00000284289	0.0	0.0	0.0	0.0	0.0	0.0	0.0	0.0
ENSG00000284294	0.0	0.0	0.0	0.0	0.0	0.0	0.0	0.0
ENSG00000284431	0.0	2.9	0.0	0.0	0.0	0.0	0.0	0.0
ENSG00000284464	0.0	0.0	0.0	0.0	0.0	0.0	0.0	0.0
ENSG00000284520	0.0	0.0	0.0	0.0	0.0	0.0	0.0	0.0
ENSG00000284554	0.0	0.0	0.0	0.0	0.0	0.0	0.0	0.0
ENSG00000284621	0.0	0.0	0.0	0.0	0.0	0.0	0.0	0.0
ENSG00000284630	0.0	0.0	0.0	0.0	0.0	0.0	0.0	0.0
ENSG00000284633	0.0	0.0	0.0	0.0	0.0	0.0	0.0	0.0
ENSG00000284651	0.0	0.0	0.0	0.0	0.0	0.0	0.0	0.0
ENSG00000284654	0.0	0.0	0.0	0.0	0.0	0.0	0.0	0.0
ENSG00000284665	0.0	0.0	0.0	0.0	0.0	0.0	0.0	0.0
ENSG00000284874	0.0	0.0	0.0	0.0	0.0	0.0	0.0	0.0
ENSG00000285025	161992.15	130172.39	170924.95	169653.59	174838.8	182452.55	232479.27	194659.49
ENSG00000285045	0.0	0.0	0.0	0.0	0.0	0.0	0.0	0.0
ENSG00000285304	0.0	0.0	0.0	0.0	0.0	0.0	0.0	0.0
ENSG00000285314	0.0	0.0	0.0	0.0	0.0	0.0	0.0	0.0
ENSG00000285404	93.11	0.0	37.65	0.0	0.0	0.0	0.0	0.0
ENSG00000285531	0.0	0.0	0.0	0.0	0.0	0.0	0.0	0.0
ENSG00000285623	0.0	0.0	0.0	0.0	0.0	0.0	0.0	0.0
ENSG00000285690	0.0	0.0	0.0	0.0	0.0	0.0	0.0	0.0
ENSG00000285697	0.0	0.0	0.0	0.0	0.0	0.0	0.0	0.0
ENSG00000285707	0.0	0.0	0.0	0.0	0.0	0.0	0.0	0.0
ENSG00000285722	0.0	0.0	0.0	0.0	0.0	0.0	0.0	0.0
ENSG00000285762	0.0	0.0	0.0	0.0	0.0	0.0	0.0	0.0
ENSG00000285855	0.0	0.0	0.0	0.0	0.0	0.0	0.0	0.0
ENSG00000285968	0.0	0.0	0.0	0.0	0.0	0.0	0.0	0.0
ENSG00000286025	0.0	0.0	0.0	0.0	0.0	0.0	0.0	0.0
ENSG00000286070	4450.15	4332.64	5048.16	3950.19	5148.84	4339.71	4715.27	5166.04
ENSG00000286102	0.0	0.0	0.0	0.0	0.0	0.0	0.0	0.0
ENSG00000286127	0.0	0.0	0.0	0.0	0.0	0.0	0.0	0.0
ENSG00000286129	0.0	0.0	0.0	0.0	0.0	0.0	0.0	0.0
ENSG00000286144	0.0	0.0	0.0	0.0	0.0	0.0	0.0	0.0
ENSG00000286175	0.0	0.0	0.0	0.0	0.0	0.0	0.0	0.0
ENSG00000286195	0.0	0.0	0.0	0.0	0.0	0.0	0.0	0.0
ENSG00000286326	0.0	0.0	0.0	0.0	0.0	0.0	0.0	0.0
ENSG00000286365	0.0	0.0	0.0	0.0	0.0	0.0	0.0	0.0
ENSG00000286367	12.87	0.0	12.39	0.0	12.78	0.0	0.0	0.0
ENSG00000286381	0.0	0.0	0.0	0.0	0.0	0.0	0.0	0.0
ENSG00000286393	0.0	0.0	0.0	0.0	0.0	0.0	0.0	0.0
ENSG00000286406	0.0	0.0	0.0	0.0	0.0	0.0	0.0	0.0
ENSG00000286440	0.0	0.0	0.0	0.0	0.0	0.0	0.0	0.0
ENSG00000286485	0.0	0.0	0.0	0.0	0.0	0.0	0.0	0.0
ENSG00000286491	0.0	0.0	0.0	0.0	0.0	0.0	0.0	0.0
ENSG00000286508	0.0	0.0	0.0	0.0	0.0	0.0	0.0	0.0
ENSG00000286592	0.0	0.0	0.0	0.0	0.0	0.0	0.0	0.0
ENSG00000286659	0.0	0.0	0.0	0.0	0.0	0.0	0.0	0.0
ENSG00000286801	0.0	0.0	0.0	0.0	0.0	0.0	0.0	0.0
ENSG00000286941	0.0	0.0	0.0	0.0	0.0	0.0	0.0	0.0
ENSG00000286990	0.0	0.0	0.0	0.0	0.0	0.0	0.0	0.0
ENSG00000287034	0.0	0.0	0.0	0.0	0.0	0.0	0.0	0.0
ENSG00000287146	0.0	0.0	0.0	0.0	0.0	0.0	0.0	0.0
ENSG00000287219	0.0	0.0	0.0	0.0	0.0	0.0	0.0	0.0
ENSG00000287225	0.0	0.0	0.0	0.0	0.0	0.0	0.0	0.0
ENSG00000287236	0.0	0.0	0.0	0.0	0.0	0.0	0.0	0.0
ENSG00000287269	0.0	0.0	0.0	0.0	0.0	0.0	0.0	0.0
ENSG00000287285	0.0	0.0	0.0	0.0	0.0	0.0	0.0	0.0
ENSG00000287446	0.0	0.0	0.0	0.0	0.0	0.0	0.0	0.0
ENSG00000287652	0.0	0.0	0.0	0.0	0.0	0.0	0.0	0.0
ENSG00000287773	0.0	0.0	0.0	0.0	0.0	0.0	0.0	0.0
ENSG00000287817	0.0	0.0	0.0	0.0	0.0	0.0	0.0	0.0
ENSG00000287864	0.0	0.0	0.0	0.0	0.0	0.0	0.0	0.0
ENSG00000287967	0.0	0.0	0.0	0.0	0.0	0.0	0.0	0.0
ENSG00000288024	0.0	0.0	0.0	0.0	0.0	0.0	0.0	0.0
ENSG00000288106	0.0	0.0	0.0	0.0	0.0	0.0	0.0	0.0
ENSG00000288153	0.0	0.0	0.0	0.0	0.0	0.0	0.0	0.0
ENSG00000288262	0.0	0.0	0.0	0.0	0.0	0.0	0.0	0.0
