gene_id	sample_01|FPKM	sample_02|FPKM	sample_03|FPKM	sample_04|FPKM	sample_05|FPKM	sample_06|FPKM	sample_07|FPKM	sample_08|FPKM
ENSG00000008735	431.02	353.17	376.58	467.61	966.73	981.13	941.76	1056.14
ENSG00000015475	1549.57	2448.49	2074.75	4515.18	2492.57	3887.4	3204.69	1917.46
ENSG00000025708	6111.19	6615.83	7406.01	6505.84	4178.4	3870.79	4090.0	3782.07
ENSG00000025770	0.0	0.0	0.0	0.0	0.0	0.0	0.0	0.0
ENSG00000040608	3284.41	3271.95	2773.67	3063.14	1877.99	2166.28	1976.39	1473.77
ENSG00000054611	3768.7	3601.36	3188.4	3776.3	3736.63	3582.05	3604.78	3819.96
ENSG00000056487	0.0	0.0	0.0	0.0	0.0	0.0	0.0	0.0
ENSG00000063515	0.0	0.0	0.0	0.0	0.0	0.0	0.0	0.0
ENSG00000069998	1720.43	1756.85	1688.66	1652.35	2752.27	2627.02	3096.48	2933.37
ENSG00000070010	1277.2	1220.11	1185.86	1082.16	1732.76	1851.75	1415.22	1828.88
ENSG00000070371	7081.73	5810.06	6249.9	6844.55	6627.1	7113.92	5774.1	5634.5
ENSG00000070413	661.46	823.8	1562.14	987.86	917.97	667.75	977.52	1133.41
ENSG00000073146	2522.11	2448.99	2473.07	2416.73	1974.06	2446.65	2103.6	2217.98
ENSG00000073150	4514.34	4159.94	4012.44	4177.45	2862.78	3175.42	3026.2	2815.45
ENSG00000073169	0.0	0.0	0.0	0.0	0.0	0.0	0.0	0.0
ENSG00000075218	2173.79	2479.06	2308.13	2099.91	1732.93	1631.97	1461.61	1633.85
ENSG00000075234	0.0	0.0	0.0	0.0	0.0	0.0	0.0	0.0
ENSG00000075240	1140.34	1597.21	937.53	1728.22	1247.98	1863.44	1715.7	1480.49
ENSG00000075275	0.0	0.0	0.0	0.0	0.0	0.0	0.0	0.0
ENSG00000077935	1611.22	1733.01	1668.73	1597.81	1955.78	1789.31	1894.44	1673.53
ENSG00000077942	12037.81	12766.21	13174.46	11915.51	12885.6	11939.85	13132.91	12465.99
ENSG00000079974	3126.65	3498.67	3281.74	3061.6	2718.5	2823.6	3070.85	3388.14
ENSG00000093000	1712.64	1981.99	1907.7	2606.65	1505.46	2039.16	1702.51	1375.8
ENSG00000093009	5191.31	5175.3	5856.56	5355.5	5385.08	5625.65	4806.06	5290.44
ENSG00000093010	3487.75	3525.37	3462.0	3129.29	4987.81	4591.61	4506.89	5452.84
ENSG00000093072	1798.67	2580.89	2512.95	2054.44	2402.93	2373.47	2839.75	2066.35
ENSG00000093100	0.0	0.0	0.0	0.0	0.0	0.0	0.0	0.0
ENSG00000099889	0.0	0.0	0.0	0.0	0.0	0.0	0.0	0.0
ENSG00000099899	1114.81	2298.51	1015.45	1934.17	2966.62	1896.88	1711.7	2263.69
ENSG00000099901	3610.93	3282.34	3498.68	3201.25	2685.11	2450.93	3126.02	2697.05
ENSG00000099904	0.0	0.0	0.0	0.0	0.0	0.0	0.0	0.0
ENSG00000099910	0.0	0.0	0.0	0.0	0.0	0.0	0.0	0.0
ENSG00000099917	5327.13	3548.39	4331.58	5243.87	4187.09	4461.05	6138.95	5371.53
ENSG00000099937	0.0	0.0	0.0	0.0	0.0	0.0	0.0	0.0
ENSG00000099940	1104.81	1665.54	937.61	1011.43	2487.88	2695.55	1496.74	3215.3
ENSG00000099942	1161.45	1258.79	1305.47	1107.66	994.95	981.48	1003.06	686.62
ENSG00000099949	3049.33	3336.52	2836.45	2537.96	1488.96	1895.0	2176.36	2090.79
ENSG00000099953	0.0	0.0	0.0	0.0	0.0	0.0	0.0	0.0
ENSG00000099954	2087.33	1998.95	2066.35	2100.47	1470.87	1693.42	1920.12	1607.96
ENSG00000099956	5071.37	4880.69	4840.67	5024.27	3953.6	3527.99	3451.66	3696.18
ENSG00000099957	4318.98	5920.44	4496.84	5259.19	5718.0	5420.69	4734.05	5021.68
ENSG00000099958	1704.0	1543.82	1941.27	2556.6	1657.58	1239.33	1644.45	1595.89
ENSG00000099960	1822.49	1920.3	2038.49	1795.05	1903.2	1696.83	1826.04	1679.13
ENSG00000099968	1661.63	2012.85	1663.8	1840.37	1912.46	1691.9	1218.07	1629.55
ENSG00000099974	0.0	0.0	0.0	0.0	0.0	0.0	0.0	0.0
ENSG00000099977	0.0	0.0	0.0	0.0	0.0	0.0	0.0	0.0
ENSG00000099984	4815.26	4802.51	5066.77	5727.1	3086.5	3057.43	3090.35	2982.55
ENSG00000099985	1708.35	1218.68	1545.2	1703.08	1736.73	1689.59	2400.01	1954.65
ENSG00000099991	2104.42	1871.51	2165.32	1666.41	1569.36	1949.13	1811.14	1870.36
ENSG00000099992	1495.28	1213.52	2330.07	1317.23	1375.8	1658.32	1775.78	1735.61
ENSG00000099994	0.0	0.0	0.0	0.0	0.0	0.0	0.0	0.0
ENSG00000099995	858.21	1503.61	1343.81	914.78	3315.78	3841.21	3925.71	3353.65
ENSG00000099998	0.0	0.0	0.0	0.0	0.0	0.0	0.0	0.0
ENSG00000099999	4369.86	4548.28	4593.02	4993.49	6297.92	5010.02	6841.45	5489.26
ENSG00000100003	3029.71	3629.58	3566.64	3890.92	2377.17	1964.86	3299.4	3131.79
ENSG00000100012	1185.02	911.85	1149.12	601.23	2132.09	1868.42	2134.51	2066.15
ENSG00000100014	8686.51	8685.37	9329.09	8431.32	8366.33	8480.57	10638.16	10015.69
ENSG00000100023	41.28	68.31	57.52	43.5	92.72	49.78	45.3	24.04
ENSG00000100024	926.85	1008.73	1072.01	972.4	726.88	814.95	685.7	717.32
ENSG00000100027	0.0	0.0	0.0	0.0	0.0	0.0	0.0	0.0
ENSG00000100028	0.0	0.0	0.0	0.0	0.0	0.0	0.0	0.0
ENSG00000100029	5108.6	5443.38	4506.05	4939.35	4403.09	4769.1	4686.17	5028.43
ENSG00000100030	2238.91	2398.61	2871.53	2709.83	1699.12	1582.63	1691.66	1458.38
ENSG00000100031	3068.87	1646.06	3767.78	3408.28	2646.2	2729.3	4180.29	2573.7
ENSG00000100033	2304.88	2350.72	1569.77	2727.3	1805.4	2143.36	1893.62	1729.24
ENSG00000100034	2853.06	2702.81	2350.25	2060.45	3378.28	3531.74	3014.05	3509.63
ENSG00000100036	744.95	688.81	602.02	676.87	813.88	637.56	773.79	667.94
ENSG00000100038	4176.65	3461.47	3645.53	3096.44	3290.91	2988.23	2907.82	2899.02
ENSG00000100053	0.0	0.0	0.0	0.0	0.0	0.0	0.0	0.0
ENSG00000100055	0.0	0.0	0.0	0.0	0.0	0.0	0.0	0.0
ENSG00000100056	0.0	0.0	0.0	0.0	0.0	0.0	0.0	0.0
ENSG00000100058	0.0	0.0	0.0	0.0	0.0	0.0	0.0	0.0
ENSG00000100060	1777.59	1761.5	2144.07	1977.95	2033.0	1911.97	1234.73	1857.23
ENSG00000100065	2157.52	1906.02	2374.16	2099.56	1876.62	1529.06	1575.42	1573.39
ENSG00000100068	802.94	1143.83	1083.3	950.74	1383.15	1418.61	1736.26	1992.06
ENSG00000100075	1911.13	2129.48	1816.49	1899.46	1499.1	1704.7	1549.72	1355.45
ENSG00000100077	2345.65	2119.15	3114.86	1920.19	1773.44	2530.7	2139.05	2562.64
ENSG00000100078	2082.66	2092.47	2245.24	1877.11	1213.76	1170.22	1189.1	1113.81
ENSG00000100079	0.0	0.0	0.0	0.0	0.0	0.0	0.0	0.0
ENSG00000100083	6411.67	6568.07	5569.99	6105.19	5046.09	5478.49	5270.1	5314.4
ENSG00000100084	0.0	0.0	0.0	0.0	0.0	0.0	0.0	0.0
ENSG00000100092	2925.85	2549.39	2691.61	3232.54	2128.36	1901.27	1754.06	1913.22
ENSG00000100095	796.44	853.95	681.63	698.6	1498.79	1611.14	1585.55	1263.59
ENSG00000100097	3952.44	4752.76	5937.87	4021.97	4781.04	5664.9	6146.54	6279.45
ENSG00000100099	1774.24	1820.42	1654.18	2060.03	2009.52	2166.18	2219.65	1848.32
ENSG00000100100	5917.42	5028.95	3427.21	4079.57	4010.49	3354.36	3528.95	4114.11
ENSG00000100101	0.0	0.0	0.0	0.0	0.0	0.0	0.0	0.0
ENSG00000100104	0.0	0.0	0.0	0.0	0.0	0.0	0.0	0.0
ENSG00000100105	0.0	0.0	0.0	0.0	0.0	0.0	0.0	0.0
ENSG00000100106	4701.53	4591.83	3770.46	4668.88	5872.94	6114.33	6208.27	5386.27
ENSG00000100109	4255.06	5257.06	5744.14	4969.09	5005.07	5421.14	5134.24	4884.85
ENSG00000100116	3234.92	3524.61	3671.74	2595.9	4018.87	4324.91	4737.01	3876.92
ENSG00000100121	5195.3	5747.93	4335.98	5542.61	3929.75	6077.54	4093.94	4574.16
ENSG00000100122	0.0	0.0	0.0	0.0	0.0	0.0	0.0	0.0
ENSG00000100124	2598.27	2424.99	2247.66	2545.83	2793.68	3647.49	3047.73	3172.88
ENSG00000100129	11041.2	11843.03	12210.28	11734.7	9335.52	10716.15	9720.28	9363.69
ENSG00000100138	3018.0	1784.81	3941.15	3002.93	4302.07	5846.13	4648.04	6326.63
ENSG00000100139	0.0	0.0	0.0	0.0	0.0	0.0	0.0	0.0
ENSG00000100142	7263.14	5158.45	9709.27	5611.86	8667.54	7999.24	6914.85	6353.73
ENSG00000100146	0.0	0.0	0.0	0.0	0.0	0.0	0.0	0.0
ENSG00000100147	2476.89	2455.22	3530.27	2327.67	2862.97	2551.27	3545.75	1566.48
ENSG00000100150	14716.67	17035.7	16994.73	15342.3	17370.94	18126.69	17963.8	18720.08
ENSG00000100151	0.0	0.0	0.0	0.0	0.0	0.0	0.0	0.0
ENSG00000100154	0.0	0.0	0.0	0.0	0.0	0.0	0.0	0.0
ENSG00000100156	0.0	0.0	0.0	0.0	0.0	0.0	0.0	0.0
ENSG00000100162	1643.64	1425.07	1340.0	2037.45	1526.05	1790.59	1953.11	1562.86
ENSG00000100167	2284.45	1595.96	2230.03	1704.15	1826.27	1589.09	1839.9	2104.84
ENSG00000100170	0.0	0.0	0.0	0.0	0.0	0.0	0.0	0.0
ENSG00000100181	0.0	0.0	0.0	0.0	0.0	0.0	0.0	0.0
ENSG00000100191	0.0	0.0	0.0	0.0	0.0	0.0	0.0	0.0
ENSG00000100196	0.0	0.0	0.0	0.0	0.0	0.0	0.0	0.0
ENSG00000100197	0.0	0.0	0.0	0.0	0.0	0.0	0.0	0.0
ENSG00000100201	0.0	0.0	0.0	0.0	0.0	0.0	0.0	0.0
ENSG00000100206	4560.69	2906.65	2786.48	3336.34	4974.74	4874.82	4354.95	4649.33
ENSG00000100207	0.0	0.0	0.0	0.0	0.0	0.0	0.0	0.0
ENSG00000100209	5304.21	6058.13	4725.11	5533.8	5546.41	4823.33	3487.61	5097.86
ENSG00000100211	0.0	0.0	0.0	0.0	0.0	0.0	0.0	0.0
ENSG00000100216	480.82	536.65	352.39	747.83	390.87	593.93	524.4	510.9
ENSG00000100218	8503.77	7943.55	10568.55	10168.78	8100.39	6544.57	9815.31	7847.84
ENSG00000100219	2514.3	2014.37	2498.78	2426.32	2458.82	2755.97	2355.43	1886.21
ENSG00000100220	0.0	0.0	0.0	0.0	0.0	0.0	0.0	0.0
ENSG00000100221	0.0	0.0	0.0	0.0	0.0	0.0	0.0	0.0
ENSG00000100225	0.0	0.0	0.0	0.0	0.0	0.0	0.0	0.0
ENSG00000100226	5767.95	8779.87	5889.98	7018.6	4904.43	8899.82	6424.52	5369.53
ENSG00000100227	3741.19	4620.78	4222.7	3661.14	5607.37	5354.28	6150.66	4347.81
ENSG00000100228	0.0	0.0	0.0	0.0	0.0	0.0	0.0	0.0
ENSG00000100234	0.0	0.0	0.0	0.0	0.0	0.0	0.0	0.0
ENSG00000100239	3228.3	2917.23	3146.97	2546.04	2094.52	2224.83	2238.98	1858.5
ENSG00000100241	2398.07	2631.13	2900.06	3037.12	3738.86	3280.66	3484.32	3232.19
ENSG00000100242	2408.16	1936.5	3929.74	2332.33	3363.8	1911.32	1765.08	1557.44
ENSG00000100243	742.61	986.53	767.99	595.56	1804.52	1892.68	1963.78	1884.77
ENSG00000100246	0.0	0.0	0.0	0.0	0.0	0.0	0.0	0.0
ENSG00000100249	0.0	0.0	0.0	0.0	0.0	0.0	0.0	0.0
ENSG00000100253	0.0	0.0	0.0	0.0	0.0	0.0	0.0	0.0
ENSG00000100258	0.0	0.0	0.0	0.0	0.0	0.0	0.0	0.0
ENSG00000100263	610.09	606.67	657.98	732.31	1231.54	1255.04	1512.9	1469.31
ENSG00000100266	4037.39	3929.47	3454.54	4627.72	3702.73	4214.4	5493.61	5716.63
ENSG00000100271	347.54	335.5	262.29	345.85	233.5	279.36	153.88	229.34
ENSG00000100276	779.97	302.02	609.37	444.66	851.1	539.29	239.29	844.42
ENSG00000100280	1531.05	1480.06	1722.92	1560.61	2304.09	1965.17	1879.0	2229.3
ENSG00000100281	0.0	0.0	0.0	0.0	0.0	0.0	0.0	0.0
ENSG00000100284	10392.96	7577.47	7611.34	8034.67	6722.13	6531.96	5710.45	7694.19
ENSG00000100285	0.0	0.0	0.0	0.0	0.0	0.0	0.0	0.0
ENSG00000100288	0.0	0.0	0.0	0.0	0.0	0.0	0.0	0.0
ENSG00000100290	0.0	0.0	0.0	0.0	0.0	0.0	0.0	0.0
ENSG00000100292	0.0	0.0	0.0	0.0	0.0	0.0	0.0	0.0
ENSG00000100294	3163.2	3196.64	3253.13	2616.18	2234.42	1917.1	1804.4	2388.34
ENSG00000100296	6462.14	5415.94	6855.85	6988.57	6810.43	8327.38	8150.5	7635.45
ENSG00000100297	4581.28	3134.24	4736.37	4812.25	4962.69	4324.51	5411.89	5982.47
ENSG00000100298	6387.48	6640.4	6783.89	7721.58	4386.93	5445.15	4751.41	5602.81
ENSG00000100299	1484.25	702.05	1464.61	1737.54	1282.24	1363.23	742.8	720.22
ENSG00000100300	0.0	0.0	0.0	0.0	0.0	0.0	0.0	0.0
ENSG00000100302	553.72	565.39	671.23	697.79	489.07	458.25	552.52	452.79
ENSG00000100304	0.0	0.0	0.0	0.0	0.0	0.0	0.0	0.0
ENSG00000100307	0.0	0.0	0.0	0.0	0.0	0.0	0.0	0.0
ENSG00000100311	0.0	0.0	0.0	0.0	0.0	0.0	0.0	0.0
ENSG00000100312	0.0	0.0	0.0	0.0	0.0	0.0	0.0	0.0
ENSG00000100314	0.0	0.0	0.0	0.0	0.0	0.0	0.0	0.0
ENSG00000100316	3658.16	4341.95	2713.25	3474.97	5023.28	4443.17	5032.33	5242.18
ENSG00000100319	0.0	0.0	0.0	0.0	0.0	0.0	0.0	0.0
ENSG00000100320	0.0	0.0	0.0	0.0	0.0	0.0	0.0	0.0
ENSG00000100321	0.0	0.0	0.0	0.0	0.0	0.0	0.0	0.0
ENSG00000100324	0.0	0.0	0.0	0.0	0.0	0.0	0.0	0.0
ENSG00000100325	2142.09	1562.22	2310.18	1145.57	1375.12	2450.07	1869.62	2006.53
ENSG00000100330	3851.18	3775.77	3590.09	3795.02	3702.21	3774.78	3660.58	3986.71
ENSG00000100335	1128.47	956.86	991.57	1431.32	1016.42	1087.62	1126.79	1018.13
ENSG00000100336	3694.73	3823.0	4688.94	4177.85	3652.8	3316.69	3400.42	3177.47
ENSG00000100341	0.0	0.0	0.0	0.0	0.0	0.0	0.0	0.0
ENSG00000100342	7607.0	7275.42	7939.07	6396.2	8915.94	7557.86	9103.84	7213.65
ENSG00000100344	1629.63	1410.33	1553.45	1317.19	1387.22	1474.55	2065.19	1642.49
ENSG00000100345	3524.37	2883.28	2324.51	3119.37	2600.94	2177.89	2347.22	2436.85
ENSG00000100346	2125.5	2261.51	2255.49	2197.93	3865.16	3738.3	3677.98	3709.48
ENSG00000100347	0.0	0.0	0.0	0.0	0.0	0.0	0.0	0.0
ENSG00000100348	0.0	0.0	0.0	0.0	0.0	0.0	0.0	0.0
ENSG00000100350	2852.48	2631.29	2795.56	2710.05	2014.2	1838.41	2141.9	1938.14
ENSG00000100351	0.0	0.0	0.0	0.0	0.0	0.0	0.0	0.0
ENSG00000100353	2867.0	2190.09	1471.12	2567.54	1543.87	2098.37	2026.38	2100.14
ENSG00000100354	1393.06	1674.23	1340.51	1333.89	3165.49	2022.35	2379.9	2367.67
ENSG00000100359	1533.18	1264.91	1354.89	1206.84	1254.64	1138.95	1078.29	1721.54
ENSG00000100360	3254.69	3637.63	2702.5	3147.19	2905.73	3257.07	2904.69	3140.14
ENSG00000100362	4145.9	2634.91	2461.98	3739.72	2009.95	1633.45	2821.26	1563.19
ENSG00000100364	10538.67	10435.9	9839.47	10116.58	10182.39	9168.8	8976.28	9856.06
ENSG00000100365	0.0	0.0	0.0	0.0	0.0	0.0	0.0	0.0
ENSG00000100368	4952.58	4026.05	4701.86	4830.68	3240.9	3423.48	3477.73	3465.07
ENSG00000100372	2901.76	3034.42	3717.19	2613.97	2716.95	4001.75	2444.96	3950.82
ENSG00000100373	0.0	0.0	0.0	0.0	0.0	0.0	0.0	0.0
ENSG00000100376	3879.28	3350.02	4098.96	3719.18	2538.93	2870.02	3037.05	2240.24
ENSG00000100379	5329.55	5877.35	5181.46	5822.53	7000.92	6074.27	6634.61	7610.19
ENSG00000100380	4717.22	5158.49	6138.95	6681.75	4388.18	4785.67	4810.91	5212.84
ENSG00000100385	9264.62	7728.26	7946.46	8472.71	5203.86	5208.25	5214.05	5893.12
ENSG00000100387	0.0	0.0	0.0	0.0	0.0	0.0	0.0	0.0
ENSG00000100393	8796.63	8185.38	7141.6	6203.75	6005.02	8355.84	5423.25	5243.06
ENSG00000100395	3192.24	3972.91	3486.83	3517.41	2377.28	2552.14	3163.11	2311.13
ENSG00000100399	0.0	0.0	0.0	0.0	0.0	0.0	0.0	0.0
ENSG00000100401	645.81	513.87	557.62	1204.92	737.68	761.54	369.82	772.47
ENSG00000100403	1360.06	1174.87	1134.23	1118.01	1024.88	1078.36	1163.2	964.04
ENSG00000100410	0.0	0.0	0.0	0.0	0.0	0.0	0.0	0.0
ENSG00000100412	0.0	0.0	0.0	0.0	0.0	0.0	0.0	0.0
ENSG00000100413	1127.74	1245.48	1090.35	1234.16	1251.42	1329.38	1101.05	1666.8
ENSG00000100416	8769.33	10260.07	7895.85	8628.99	7435.15	7640.51	6366.76	4125.45
ENSG00000100417	0.0	0.0	0.0	0.0	0.0	0.0	0.0	0.0
ENSG00000100418	0.0	0.0	0.0	0.0	0.0	0.0	0.0	0.0
ENSG00000100422	0.0	0.0	0.0	0.0	0.0	0.0	0.0	0.0
ENSG00000100425	2924.61	2983.16	2901.64	3424.28	2862.79	2915.24	2920.93	2941.75
ENSG00000100426	0.0	0.0	0.0	0.0	0.0	0.0	0.0	0.0
ENSG00000100427	1913.19	2009.67	1580.63	1877.8	2340.16	1534.06	1933.58	1703.44
ENSG00000100429	728.39	446.09	410.78	662.72	706.33	961.5	903.11	643.56
ENSG00000128159	1023.57	1336.26	1453.95	1056.15	1805.01	1532.68	1596.07	1491.75
ENSG00000128165	245.27	222.02	309.18	280.34	145.03	279.71	240.81	230.77
ENSG00000128185	0.0	0.0	0.0	0.0	0.0	0.0	0.0	0.0
ENSG00000128191	806.95	728.1	563.79	698.02	1316.46	1010.5	954.11	1248.15
ENSG00000128203	0.0	0.0	0.0	0.0	0.0	0.0	0.0	0.0
ENSG00000128218	1854.79	3367.83	2302.56	2113.52	1640.26	2014.37	2055.7	1717.6
ENSG00000128228	0.0	0.0	0.0	0.0	0.0	0.0	0.0	0.0
ENSG00000128242	6066.04	5445.17	6269.75	6528.92	4858.37	4706.47	4089.8	4081.11
ENSG00000128245	0.0	0.0	0.0	0.0	0.0	0.0	0.0	0.0
ENSG00000128250	0.0	0.0	0.0	0.0	0.0	7.52	0.0	0.0
ENSG00000128253	1680.62	1002.31	1047.23	1534.07	3141.35	2594.48	2458.57	2453.5
ENSG00000128254	0.0	0.0	0.0	0.0	0.0	0.0	0.0	0.0
ENSG00000128262	0.0	0.0	0.0	0.0	0.0	0.0	0.0	0.0
ENSG00000128266	0.0	0.0	0.0	0.0	0.0	0.0	0.0	0.0
ENSG00000128268	0.0	0.0	0.0	0.0	0.0	0.0	0.0	0.0
ENSG00000128271	0.0	0.0	0.0	0.0	0.0	0.0	0.0	0.0
ENSG00000128272	1936.94	1822.51	1757.68	1486.47	1775.8	1658.27	2070.88	1511.12
ENSG00000128274	0.0	0.0	0.0	0.0	0.0	0.0	0.0	0.0
ENSG00000128276	0.0	0.0	0.0	0.0	0.0	0.0	0.0	0.0
ENSG00000128283	0.0	0.0	0.0	0.0	0.0	0.0	0.0	0.0
ENSG00000128284	3579.45	3205.1	3010.28	2279.6	2433.85	2490.58	1648.62	1928.0
ENSG00000128285	0.0	0.0	0.0	0.0	0.0	0.0	0.0	0.0
ENSG00000128294	5142.97	5148.9	5106.3	5538.87	4803.91	4737.82	4016.55	3500.3
ENSG00000128298	2047.59	2046.79	2320.54	1990.34	1456.91	1548.08	1793.44	1757.29
ENSG00000128309	4539.78	4116.21	4939.45	3900.56	3733.63	5020.59	4684.77	5346.26
ENSG00000128310	2937.57	3381.08	2972.86	3231.51	1840.64	3075.71	2412.08	2548.32
ENSG00000128311	829.07	1114.53	1238.36	1070.3	1831.8	1880.85	1616.91	1907.53
ENSG00000128313	0.0	0.0	0.0	0.0	0.0	0.0	0.0	0.0
ENSG00000128322	3297.62	3172.22	3463.31	2648.54	2928.81	2551.58	2474.19	2961.17
ENSG00000128335	4100.46	4006.97	4108.33	3664.46	4074.4	3397.46	3863.47	4331.27
ENSG00000128340	1969.35	1673.27	3183.36	2060.32	1956.6	2052.1	1853.55	1961.42
ENSG00000128342	0.0	0.0	0.0	0.0	0.0	0.0	0.0	0.0
ENSG00000128346	2877.75	2466.3	4154.87	3375.93	2046.44	2660.47	4311.76	2458.86
ENSG00000128383	2246.41	2042.48	2881.6	2480.98	2469.56	2252.99	2844.68	2234.49
ENSG00000128394	1220.41	1618.09	1819.25	1705.31	1652.49	1292.36	1376.48	1439.41
ENSG00000128408	1551.83	1683.82	1511.51	1753.14	2070.07	2055.63	1436.1	2137.42
ENSG00000130487	2802.05	2415.54	2491.19	2693.51	2220.57	2334.03	2816.37	2269.26
ENSG00000130538	0.0	0.0	0.0	0.0	0.0	0.0	0.0	0.0
ENSG00000130540	0.0	0.0	0.0	0.0	0.0	0.0	0.0	0.0
ENSG00000130638	0.0	0.0	0.0	0.0	0.0	0.0	0.0	0.0
ENSG00000130943	0.0	0.0	0.0	0.0	0.0	0.0	0.0	0.0
ENSG00000131100	1039.35	1590.12	1268.68	1241.69	1322.4	1431.31	1161.9	1447.37
ENSG00000133422	0.0	0.0	0.0	0.0	0.0	0.0	0.0	0.0
ENSG00000133424	3298.97	3137.55	3631.23	3001.88	2569.56	2613.42	1993.76	3046.1
ENSG00000133433	225.95	109.43	77.13	173.37	70.77	0.0	0.0	116.42
ENSG00000133454	5419.06	5152.78	5220.96	5606.85	6501.06	6062.65	6116.57	5986.12
ENSG00000133460	2162.6	3014.87	2468.32	3153.14	3854.4	2217.45	3012.64	3440.97
ENSG00000133466	0.0	0.0	0.0	0.0	0.0	0.0	0.0	0.0
ENSG00000133475	0.0	0.0	0.0	0.0	0.0	0.0	0.0	0.0
ENSG00000133477	0.0	0.0	0.0	0.0	0.0	0.0	0.0	0.0
ENSG00000133488	1360.16	2078.69	1630.59	1491.26	1523.28	1731.97	1689.99	1470.14
ENSG00000133519	0.0	0.0	0.0	0.0	0.0	0.0	0.0	0.0
ENSG00000138867	0.0	0.0	0.0	0.0	0.0	0.0	0.0	0.0
ENSG00000138892	2137.52	2344.69	1989.49	2001.9	1744.25	1849.29	1938.11	1995.76
ENSG00000138942	0.0	0.0	0.0	0.0	0.0	0.0	0.0	0.0
ENSG00000138944	0.0	0.0	0.0	0.0	0.0	0.0	0.0	0.0
ENSG00000138964	2294.0	2362.81	3011.04	2969.93	3009.91	2473.18	3377.31	2426.25
ENSG00000159307	2127.68	2315.2	2254.79	2259.91	2352.92	2345.69	2067.24	2488.09
ENSG00000159496	2961.53	2034.39	2330.65	2685.87	2312.28	2030.56	1490.5	2300.73
ENSG00000159873	6586.7	5381.89	4900.05	5242.64	4095.62	4634.81	4343.59	4709.93
ENSG00000159958	132.86	133.48	84.84	145.18	336.65	302.6	235.31	286.23
ENSG00000161103	0.0	0.0	0.0	0.0	0.0	0.0	0.0	0.0
ENSG00000161132	0.0	0.0	0.0	0.0	0.0	0.0	0.0	0.0
ENSG00000161133	3683.88	4718.47	4239.68	3978.13	5171.33	4651.87	4008.54	4536.14
ENSG00000161149	0.0	0.0	0.0	0.0	0.0	0.0	0.0	0.0
ENSG00000161179	704.46	1084.22	833.99	693.56	1941.68	1418.68	1869.03	1672.28
ENSG00000161180	2415.62	2309.59	3168.52	2667.48	2163.19	2127.33	3730.46	2362.05
ENSG00000166862	918.99	864.48	795.82	851.77	1018.78	1011.35	884.58	1096.96
ENSG00000166897	0.0	0.0	0.0	0.0	0.0	0.0	0.0	0.0
ENSG00000167037	0.0	0.0	0.0	0.0	0.0	0.0	0.0	0.0
ENSG00000167065	2398.9	2491.22	2923.45	2784.6	2350.07	2572.04	2402.16	2305.53
ENSG00000167074	0.0	0.0	0.0	0.0	0.0	0.0	0.0	0.0
ENSG00000167077	1225.4	1000.52	1800.32	1432.8	2144.54	1988.33	2362.23	1925.65
ENSG00000168135	0.0	0.0	0.0	0.0	0.0	0.0	0.0	0.0
ENSG00000169184	724.4	635.69	718.71	703.16	978.41	1010.34	972.48	1001.86
ENSG00000169314	0.0	0.0	0.0	0.0	0.0	0.0	0.0	0.0
ENSG00000169548	0.0	0.0	0.0	0.0	0.0	0.0	0.0	0.0
ENSG00000169575	0.0	0.0	0.0	0.0	0.0	0.0	0.0	0.0
ENSG00000169635	352.04	500.34	421.6	604.55	701.92	737.56	1026.39	873.31
ENSG00000169662	0.0	0.0	0.0	0.0	0.0	0.0	0.0	0.0
ENSG00000169668	0.0	0.0	0.0	0.0	0.0	0.0	0.0	0.0
ENSG00000170638	522.54	637.02	659.92	422.93	1541.37	1339.7	1272.3	1606.74
ENSG00000172250	169.54	0.0	0.0	0.0	0.0	293.31	0.0	5.75
ENSG00000172346	0.0	0.0	0.0	0.0	0.0	0.0	0.0	0.0
ENSG00000172404	0.0	0.0	0.0	0.0	0.0	0.0	0.0	0.0
ENSG00000172912	0.0	0.0	0.0	0.0	0.0	0.0	0.0	0.0
ENSG00000172967	0.0	0.0	0.0	0.0	0.0	0.0	0.0	0.0
ENSG00000175329	708.73	862.68	581.77	566.27	533.73	452.33	572.06	637.46
ENSG00000176177	0.0	0.0	0.0	0.0	0.0	0.0	0.0	0.0
ENSG00000176635	1796.13	1875.52	1634.33	1764.07	936.37	1434.17	1190.77	992.89
ENSG00000177096	0.0	0.0	0.0	0.0	0.0	0.0	0.0	0.0
ENSG00000177663	0.0	0.0	0.0	0.0	0.0	0.0	0.0	0.0
ENSG00000177989	3089.7	3483.5	2819.3	3237.66	2536.05	2697.49	3026.19	2213.6
ENSG00000177993	0.0	0.0	0.0	0.0	0.0	0.0	0.0	0.0
ENSG00000178026	1812.57	1890.41	2127.45	1916.48	2014.96	2395.96	2196.41	2461.31
ENSG00000178248	0.0	0.0	0.0	0.0	0.0	0.0	0.0	0.0
ENSG00000178803	0.0	0.0	0.0	0.0	0.0	0.0	0.0	0.0
ENSG00000179750	2765.97	2645.89	2194.53	2248.8	1471.26	1790.77	1934.66	1425.64
ENSG00000180150	0.0	0.0	0.0	0.0	0.0	0.0	0.0	0.0
ENSG00000180957	1841.2	1561.29	2386.76	2177.8	3566.52	4031.16	4724.21	4495.29
ENSG00000181123	0.0	0.0	0.0	0.0	0.0	0.0	0.0	0.0
ENSG00000182057	0.0	0.0	0.0	0.0	0.0	0.0	0.0	0.0
ENSG00000182257	0.0	0.0	0.0	0.0	0.0	0.0	0.0	0.0
ENSG00000182351	0.0	0.0	0.0	0.0	0.0	0.0	0.0	0.0
ENSG00000182541	2327.4	2492.08	2606.76	2829.05	1826.52	1608.94	1486.79	1353.92
ENSG00000182824	0.0	0.0	0.0	0.0	0.0	0.0	0.0	0.0
ENSG00000182841	0.0	0.0	0.0	0.0	0.0	0.0	0.0	0.0
ENSG00000182858	2048.24	2477.73	2470.46	1490.9	2655.25	2165.58	2122.51	2046.3
ENSG00000182902	0.0	0.0	0.0	0.0	0.0	0.0	0.0	0.0
ENSG00000182944	6332.27	6248.44	5928.59	5364.68	5734.05	6138.99	5417.16	5047.1
ENSG00000183066	0.0	0.0	0.0	0.0	0.0	0.0	0.0	0.0
ENSG00000183169	0.0	0.0	0.0	0.0	0.0	0.0	0.0	0.0
ENSG00000183172	0.0	0.0	0.0	0.0	0.0	0.0	0.0	0.0
ENSG00000183246	0.0	0.0	0.0	0.0	0.0	0.0	0.0	0.0
ENSG00000183307	905.82	1050.68	1036.09	893.48	630.36	720.24	655.73	682.87
ENSG00000183506	0.0	6.33	0.0	0.0	0.0	0.0	0.0	0.0
ENSG00000183530	0.0	0.0	0.0	0.0	0.0	0.0	0.0	0.0
ENSG00000183569	692.23	1092.33	1007.91	925.91	1473.46	551.87	702.26	1064.59
ENSG00000183579	4857.77	5340.33	5061.31	5633.98	3657.44	4159.19	3906.15	4001.27
ENSG00000183597	3397.51	1872.21	3192.09	2777.1	2457.56	3229.69	2954.59	2877.84
ENSG00000183628	607.28	569.5	607.32	765.48	713.45	632.26	516.72	657.23
ENSG00000183741	0.0	0.0	0.0	0.0	0.0	0.0	0.0	0.0
ENSG00000183762	0.0	0.0	0.0	0.0	0.0	0.0	0.0	0.0
ENSG00000183765	5347.94	4303.45	6512.38	4465.01	6555.51	7137.73	5892.03	7114.45
ENSG00000183773	6539.11	7170.89	6454.12	6978.4	6314.29	6353.02	4893.28	6087.62
ENSG00000183785	1430.6	2008.07	1494.25	1160.06	1526.72	1315.08	1835.39	1543.28
ENSG00000183822	0.0	0.0	0.0	0.0	0.0	0.0	0.0	0.0
ENSG00000183864	0.0	0.0	0.0	0.0	0.0	0.0	0.0	0.0
ENSG00000183963	8254.94	8100.77	7152.86	7524.76	5395.45	6581.36	5562.55	6461.89
ENSG00000184058	1649.15	1505.01	1532.41	1121.74	1554.01	1512.95	1558.39	1389.38
ENSG00000184068	0.0	0.0	0.0	0.0	0.0	0.0	0.0	0.0
ENSG00000184076	0.0	0.0	0.0	0.0	0.0	0.0	0.0	0.0
ENSG00000184113	998.05	1243.45	1246.78	1095.33	1253.6	1174.01	1584.04	1368.97
ENSG00000184117	5089.65	6258.52	5250.35	5509.59	5148.77	4591.44	4168.75	6196.37
ENSG00000184164	0.0	0.0	0.0	0.0	0.0	0.0	0.0	0.0
ENSG00000184208	0.0	0.0	0.0	0.0	0.0	0.0	0.0	0.0
ENSG00000184319	0.0	0.0	0.0	0.0	0.0	0.0	0.0	0.0
ENSG00000184381	13900.49	14251.11	13762.75	14523.35	14416.98	14104.92	13486.46	12121.19
ENSG00000184436	0.0	0.0	0.0	0.0	0.0	0.0	0.0	0.0
ENSG00000184459	1477.3	1478.71	2030.24	1453.54	1478.93	1978.65	1957.51	1770.19
ENSG00000184470	2069.37	1881.35	2256.26	1754.35	2855.34	2888.55	2936.21	3195.83
ENSG00000184571	1338.87	1460.14	1573.68	1459.98	1567.79	1579.96	1636.52	1458.35
ENSG00000184624	0.0	0.0	0.0	0.0	0.0	0.0	0.0	0.0
ENSG00000184702	2688.43	3216.37	3254.19	2543.08	1971.43	1392.73	1821.69	1767.75
ENSG00000184708	0.0	0.0	0.0	0.0	0.0	0.0	0.0	0.0
ENSG00000184792	11791.54	11089.25	10876.68	11390.31	9633.14	10789.87	10197.12	9008.12
ENSG00000184949	0.0	0.0	0.0	0.0	0.0	0.0	0.0	0.0
ENSG00000184979	0.0	6.44	6.61	0.0	0.0	6.44	0.0	0.0
ENSG00000184983	1848.98	1765.0	1713.24	2115.42	1820.29	1604.45	1956.38	1556.73
ENSG00000185022	3383.72	4018.34	2958.72	3391.11	3922.85	3561.41	3378.2	2581.53
ENSG00000185065	0.0	0.0	0.0	0.0	0.0	0.0	0.0	0.0
ENSG00000185133	2136.3	2181.98	1757.15	1883.74	1814.9	1422.76	1662.72	2106.16
ENSG00000185252	19.28	30.44	29.9	93.18	161.77	182.8	102.75	125.4
ENSG00000185264	3966.27	4691.17	4338.15	4101.84	4277.81	3198.45	4008.61	3334.15
ENSG00000185339	3901.18	3592.03	4149.99	3729.3	4262.22	3846.78	3909.59	3749.41
ENSG00000185340	0.0	0.0	0.0	0.0	0.0	0.0	0.0	0.0
ENSG00000185386	2050.42	1984.32	1967.78	1764.83	2393.02	2117.25	2220.81	2392.77
ENSG00000185608	0.0	0.0	0.0	0.0	0.0	0.0	0.0	0.0
ENSG00000185651	315.58	353.09	368.08	421.11	200.12	252.03	172.52	283.98
ENSG00000185666	4898.21	5977.54	4214.93	6506.18	8794.51	6502.66	7987.81	7326.69
ENSG00000185686	271.21	399.04	414.61	254.01	1481.26	1575.5	1811.67	2132.81
ENSG00000185721	1268.92	1193.14	991.13	1019.65	1408.39	1152.46	1239.15	1289.65
ENSG00000185837	0.0	0.0	0.0	0.0	0.0	0.0	0.0	0.0
ENSG00000185838	1414.54	1537.9	1338.78	1188.42	1214.63	1425.91	1343.21	1698.64
ENSG00000186575	273.8	234.48	427.63	419.53	1868.6	1304.23	1492.78	1548.28
ENSG00000186654	10336.87	8199.85	9156.21	8740.26	11990.42	11354.52	11551.41	11444.87
ENSG00000186716	1733.76	1622.56	1747.35	1791.98	1617.05	1733.43	1653.49	1493.58
ENSG00000186732	2310.02	2674.21	1864.85	3114.66	2951.17	3211.64	3055.69	2453.92
ENSG00000186951	3769.51	4649.67	4098.86	3712.89	3401.33	3927.01	3262.09	3784.78
ENSG00000186976	0.0	0.0	0.0	0.0	0.0	0.0	0.0	0.0
ENSG00000186998	0.0	0.0	0.0	0.0	0.0	0.0	0.0	0.0
ENSG00000187012	0.0	0.0	0.0	0.0	0.0	0.0	0.0	0.0
ENSG00000187045	0.0	0.0	0.0	0.0	0.0	0.0	0.0	0.0
ENSG00000187051	0.0	0.0	0.0	0.0	0.0	0.0	0.0	0.0
ENSG00000187792	0.0	0.0	0.0	0.0	0.0	0.0	0.0	0.0
ENSG00000187860	1667.76	1831.88	1743.51	1659.68	1676.1	1494.82	1452.06	1511.21
ENSG00000187905	0.0	0.0	0.0	0.0	0.0	0.0	0.0	0.0
ENSG00000187979	0.0	0.0	0.0	0.0	0.0	0.0	0.0	0.0
ENSG00000188064	1667.86	1294.93	1076.27	1394.16	1362.06	1106.28	1108.89	1464.51
ENSG00000188078	0.0	0.0	0.0	0.0	0.0	0.0	0.0	0.0
ENSG00000188130	1158.8	845.34	1093.55	1189.53	1507.97	1639.51	1235.83	1414.19
ENSG00000188263	0.0	0.0	0.0	0.0	0.0	0.0	0.0	0.0
ENSG00000188280	0.0	0.0	0.0	0.0	0.0	0.0	0.0	0.0
ENSG00000188511	0.0	0.0	0.0	0.0	0.0	0.0	0.0	0.0
ENSG00000188636	121.06	188.98	288.58	281.72	209.68	309.05	241.37	241.5
ENSG00000188677	6375.82	6654.27	6910.97	7172.49	6329.69	5886.26	5402.01	6347.73
ENSG00000189060	0.0	0.0	0.0	0.0	0.0	0.0	0.0	0.0
ENSG00000189269	0.0	0.0	0.0	0.0	0.0	0.0	0.0	0.0
ENSG00000189295	0.0	0.0	0.0	0.0	0.0	0.0	0.0	0.0
ENSG00000189306	0.0	0.0	0.0	0.0	0.0	0.0	0.0	0.0
ENSG00000196236	0.0	0.0	0.0	0.0	0.0	0.0	0.0	0.0
ENSG00000196419	0.0	0.0	0.0	0.0	0.0	0.0	0.0	0.0
ENSG00000196431	0.0	0.0	0.0	0.0	0.0	0.0	0.0	0.0
ENSG00000196576	44314.46	65739.74	39790.82	46896.31	28643.3	23943.7	39160.3	42367.8
ENSG00000196588	8122.56	7910.16	8261.7	8297.75	6076.01	6230.0	5836.51	5744.25
ENSG00000197077	1568.2	1559.69	1572.79	1467.57	1126.77	1388.89	1367.19	1402.17
ENSG00000197182	0.0	0.0	0.0	0.0	0.0	0.0	0.0	0.0
ENSG00000197210	0.0	0.0	0.0	0.0	0.0	0.0	0.0	0.0
ENSG00000197421	85.36	79.29	97.58	45.85	83.48	57.81	115.92	26.18
ENSG00000197549	0.0	0.0	0.0	0.0	0.0	0.0	0.0	0.0
ENSG00000198062	1457.35	1418.79	1532.03	1335.07	1684.81	1546.44	1861.04	1298.89
ENSG00000198089	3824.55	4376.96	4160.63	4072.63	5169.22	4730.43	5014.75	4531.08
ENSG00000198125	12753.12	12479.03	12109.42	12588.13	12062.4	12250.96	10214.1	11544.83
ENSG00000198355	0.0	0.0	0.0	0.0	0.0	0.0	0.0	0.0
ENSG00000198445	0.0	0.0	0.0	0.0	0.0	0.0	0.0	0.0
ENSG00000198792	0.0	0.0	0.0	0.0	0.0	0.0	0.0	0.0
ENSG00000198832	0.0	0.0	0.0	0.0	0.0	0.0	0.0	0.0
ENSG00000198911	0.0	0.0	0.0	0.0	0.0	0.0	0.0	0.0
ENSG00000198951	2015.66	1796.86	1729.56	1767.79	1323.39	1739.77	1785.19	1426.87
ENSG00000199248	0.0	0.0	0.0	0.0	0.0	0.0	0.0	0.0
ENSG00000199515	0.0	0.0	0.0	0.0	0.0	0.0	0.0	0.0
ENSG00000199695	0.0	0.0	0.0	0.0	0.0	0.0	0.0	0.0
ENSG00000199783	0.0	0.0	0.0	0.0	0.0	0.0	0.0	0.0
ENSG00000199797	0.0	0.0	0.0	0.0	0.0	0.0	0.0	0.0
ENSG00000199865	0.0	0.0	0.0	0.0	0.0	0.0	0.0	0.0
ENSG00000200057	0.0	0.0	0.0	0.0	0.0	0.0	0.0	0.0
ENSG00000200332	0.0	0.0	0.0	0.0	0.0	0.0	0.0	0.0
ENSG00000200443	0.0	0.0	0.0	0.0	0.0	0.0	0.0	0.0
ENSG00000200448	0.0	0.0	0.0	0.0	0.0	0.0	0.0	0.0
ENSG00000200683	0.0	0.0	0.0	0.0	0.0	0.0	0.0	0.0
ENSG00000200871	0.0	0.0	0.0	0.0	0.0	0.0	0.0	0.0
ENSG00000200976	0.0	0.0	0.0	0.0	0.0	0.0	0.0	0.0
ENSG00000200985	0.0	0.0	0.0	0.0	0.0	0.0	0.0	0.0
ENSG00000201078	0.0	0.0	0.0	0.0	0.0	0.0	0.0	0.0
ENSG00000201209	0.0	0.0	0.0	0.0	0.0	0.0	0.0	0.0
ENSG00000201916	0.0	0.0	0.0	0.0	0.0	0.0	0.0	0.0
ENSG00000202019	0.0	0.0	0.0	0.0	0.0	0.0	0.0	0.0
ENSG00000202058	0.0	0.0	0.0	0.0	0.0	0.0	0.0	0.0
ENSG00000203280	0.0	0.0	0.0	0.0	0.0	0.0	0.0	0.0
ENSG00000203416	0.0	0.0	0.0	0.0	0.0	0.0	0.0	0.0
ENSG00000203527	0.0	0.0	0.0	0.0	0.0	0.0	0.0	0.0
ENSG00000203618	0.0	0.0	0.0	0.0	0.0	0.0	0.0	0.0
ENSG00000205559	0.0	0.0	0.0	0.0	0.0	0.0	0.0	0.0
ENSG00000205560	1077.88	1212.61	1502.12	1262.21	2133.21	1975.11	1781.81	2328.41
ENSG00000205593	0.0	0.0	0.0	0.0	0.0	0.0	0.0	0.0
ENSG00000205632	0.0	0.0	0.0	0.0	0.0	0.0	0.0	0.0
ENSG00000205634	0.0	0.0	0.0	0.0	0.0	0.0	0.0	0.0
ENSG00000205643	1634.74	1230.86	1459.81	1376.1	1213.41	962.51	1049.07	1061.38
ENSG00000205702	5632.1	5869.12	5797.27	5815.46	5118.76	4890.05	4705.67	5384.82
ENSG00000205704	342.77	405.63	436.0	538.18	126.77	438.65	194.44	233.74
ENSG00000205853	0.0	0.0	0.0	0.0	0.0	0.0	0.0	0.0
ENSG00000205856	1075.91	1106.88	1183.41	888.61	1190.63	1294.92	1252.41	1199.39
ENSG00000206028	0.0	0.0	0.0	0.0	0.0	0.0	0.0	0.0
ENSG00000206066	0.0	0.0	0.0	0.0	0.0	0.0	0.0	0.0
ENSG00000206069	0.0	0.0	0.0	0.0	0.0	0.0	0.0	0.0
ENSG00000206090	0.0	0.0	0.0	0.0	0.0	0.0	0.0	0.0
ENSG00000206140	2576.62	2648.71	1733.54	1048.86	1965.86	3400.2	2443.12	2753.47
ENSG00000206142	0.0	0.0	0.0	0.0	0.0	0.0	0.0	0.0
ENSG00000206145	0.0	0.0	0.0	85.5	0.0	0.0	0.0	0.0
ENSG00000206195	0.0	0.0	0.0	0.0	0.0	0.0	0.0	0.0
ENSG00000206203	0.0	0.0	0.0	0.0	0.0	0.0	0.0	0.0
ENSG00000206615	0.0	0.0	0.0	0.0	0.0	0.0	0.0	0.0
ENSG00000206739	0.0	0.0	0.0	0.0	0.0	0.0	0.0	0.0
ENSG00000206813	0.0	0.0	0.0	0.0	0.0	0.0	0.0	0.0
ENSG00000206841	0.0	0.0	0.0	0.0	0.0	0.0	0.0	0.0
ENSG00000207227	0.0	0.0	0.0	0.0	0.0	0.0	0.0	0.0
ENSG00000207343	0.0	0.0	0.0	0.0	0.0	0.0	0.0	0.0
ENSG00000207455	0.0	0.0	0.0	0.0	0.0	0.0	0.0	0.0
ENSG00000207457	0.0	0.0	0.0	0.0	0.0	0.0	0.0	0.0
ENSG00000207575	0.0	0.0	0.0	0.0	0.0	0.0	0.0	0.0
ENSG00000207696	0.0	0.0	0.0	0.0	0.0	0.0	0.0	0.0
ENSG00000207751	0.0	0.0	0.0	0.0	0.0	0.0	0.0	0.0
ENSG00000207780	0.0	0.0	0.0	0.0	0.0	0.0	0.0	0.0
ENSG00000207932	0.0	0.0	0.0	0.0	0.0	0.0	0.0	0.0
ENSG00000208023	0.0	0.0	0.0	0.0	0.0	0.0	0.0	0.0
ENSG00000209480	0.0	0.0	0.0	0.0	0.0	0.0	0.0	0.0
ENSG00000209482	0.0	0.0	0.0	0.0	0.0	0.0	0.0	0.0
ENSG00000211637	0.0	0.0	0.0	0.0	0.0	0.0	0.0	0.0
ENSG00000211638	0.0	0.0	0.0	0.0	0.0	0.0	0.0	0.0
ENSG00000211639	6416.94	7530.86	9818.64	8184.8	7249.78	6499.35	7427.1	4398.01
ENSG00000211640	0.0	0.0	0.0	0.0	0.0	0.0	0.0	0.0
ENSG00000211641	0.0	0.0	0.0	0.0	0.0	0.0	0.0	0.0
ENSG00000211642	0.0	0.0	0.0	0.0	0.0	0.0	0.0	0.0
ENSG00000211643	0.0	0.0	0.0	0.0	0.0	0.0	0.0	0.0
ENSG00000211644	0.0	0.0	0.0	0.0	0.0	0.0	0.0	0.0
ENSG00000211645	0.0	0.0	0.0	0.0	0.0	0.0	0.0	0.0
ENSG00000211647	0.0	0.0	0.0	0.0	0.0	0.0	0.0	0.0
ENSG00000211648	0.0	0.0	0.0	0.0	0.0	0.0	0.0	0.0
ENSG00000211649	0.0	0.0	0.0	0.0	0.0	0.0	0.0	0.0
ENSG00000211650	0.0	0.0	0.0	0.0	0.0	0.0	0.0	0.0
ENSG00000211651	0.0	0.0	0.0	0.0	0.0	0.0	0.0	0.0
ENSG00000211652	0.0	0.0	0.0	0.0	0.0	0.0	0.0	0.0
ENSG00000211653	0.0	0.0	0.0	0.0	0.0	0.0	0.0	0.0
ENSG00000211654	0.0	0.0	0.0	0.0	0.0	0.0	0.0	0.0
ENSG00000211655	4228.53	6346.07	4749.01	5954.7	6114.88	5774.94	5107.6	3735.23
ENSG00000211656	0.0	0.0	0.0	0.0	0.0	0.0	0.0	0.0
ENSG00000211657	0.0	0.0	0.0	0.0	0.0	0.0	0.0	0.0
ENSG00000211658	0.0	0.0	0.0	0.0	0.0	0.0	0.0	0.0
ENSG00000211659	2709.85	4518.56	3446.92	2625.13	3979.98	3547.59	4338.95	6989.01
ENSG00000211660	0.0	0.0	0.0	0.0	0.0	0.0	0.0	0.0
ENSG00000211661	0.0	0.0	0.0	0.0	0.0	0.0	0.0	0.0
ENSG00000211662	0.0	0.0	0.0	0.0	0.0	0.0	0.0	0.0
ENSG00000211663	7876.52	6161.67	9352.35	6240.15	4927.25	3983.75	4723.68	2815.76
ENSG00000211664	0.0	0.0	0.0	0.0	0.0	0.0	0.0	0.0
ENSG00000211665	0.0	0.0	0.0	0.0	0.0	0.0	0.0	0.0
ENSG00000211666	0.0	0.0	0.0	0.0	0.0	0.0	0.0	0.0
ENSG00000211667	0.0	0.0	0.0	0.0	0.0	0.0	0.0	0.0
ENSG00000211668	0.0	0.0	0.0	0.0	0.0	0.0	0.0	0.0
ENSG00000211669	4919.04	4169.89	4505.8	4963.97	4678.8	4455.55	3724.01	4521.82
ENSG00000211670	0.0	0.0	0.0	0.0	0.0	0.0	0.0	0.0
ENSG00000211672	0.0	0.0	0.0	0.0	0.0	0.0	0.0	0.0
ENSG00000211673	0.0	0.0	0.0	0.0	0.0	0.0	0.0	0.0
ENSG00000211674	0.0	0.0	0.0	0.0	0.0	0.0	0.0	0.0
ENSG00000211675	0.0	0.0	0.0	0.0	0.0	0.0	0.0	0.0
ENSG00000211676	0.0	0.0	0.0	0.0	0.0	0.0	0.0	0.0
ENSG00000211677	3905.65	4283.55	4510.43	4769.36	2824.59	2338.45	3659.37	3163.31
ENSG00000211678	0.0	0.0	0.0	0.0	0.0	0.0	0.0	0.0
ENSG00000211679	0.0	0.0	0.0	0.0	0.0	0.0	0.0	0.0
ENSG00000211680	0.0	0.0	0.0	0.0	0.0	0.0	0.0	0.0
ENSG00000211681	0.0	0.0	0.0	0.0	0.0	0.0	0.0	0.0
ENSG00000211682	0.0	0.0	0.0	0.0	0.0	0.0	0.0	0.0
ENSG00000211683	0.0	0.0	0.0	0.0	0.0	0.0	0.0	0.0
ENSG00000211684	0.0	0.0	0.0	0.0	0.0	0.0	0.0	0.0
ENSG00000211685	2260.18	3161.68	3296.45	4253.27	3175.14	4602.13	3713.45	2188.77
ENSG00000212102	0.0	0.0	0.0	0.0	0.0	0.0	0.0	0.0
ENSG00000212216	0.0	0.0	0.0	0.0	0.0	0.0	0.0	0.0
ENSG00000212542	0.0	0.0	0.0	0.0	0.0	0.0	0.0	0.0
ENSG00000212569	0.0	0.0	0.0	0.0	0.0	0.0	0.0	0.0
ENSG00000212939	0.0	0.0	0.0	0.0	0.0	0.0	0.0	0.0
ENSG00000213279	0.0	0.0	0.0	0.0	0.0	0.0	0.0	0.0
ENSG00000213683	0.0	0.0	0.0	0.0	0.0	0.0	0.0	0.0
ENSG00000213707	0.0	0.0	0.0	0.0	0.0	0.0	0.0	0.0
ENSG00000213727	0.0	0.0	0.0	0.0	0.0	0.0	0.0	0.0
ENSG00000213752	0.0	0.0	0.0	0.0	0.0	0.0	0.0	0.0
ENSG00000213790	0.0	0.0	0.0	0.0	0.0	0.0	0.0	0.0
ENSG00000213857	0.0	0.0	0.0	0.0	0.0	0.0	0.0	0.0
ENSG00000213888	0.0	0.0	0.0	0.0	0.0	0.0	0.0	0.0
ENSG00000213923	6596.5	6292.08	7222.13	6292.51	4686.81	5004.53	4192.16	6672.45
ENSG00000214076	0.0	0.0	0.0	0.0	0.0	0.0	0.0	0.0
ENSG00000214093	0.0	0.0	0.0	0.0	0.0	0.0	0.0	0.0
ENSG00000214125	0.0	0.0	0.0	0.0	0.0	0.0	0.0	0.0
ENSG00000214161	0.0	0.0	0.0	0.0	0.0	0.0	0.0	0.0
ENSG00000214491	0.0	0.0	0.0	0.0	0.0	0.0	0.0	0.0
ENSG00000214526	0.0	0.0	0.0	0.0	0.0	0.0	0.0	0.0
ENSG00000214727	0.0	0.0	0.0	0.0	0.0	0.0	0.0	0.0
ENSG00000215012	159.63	215.89	252.98	255.09	268.98	235.23	295.37	337.3
ENSG00000215193	1860.51	1613.56	1652.31	1446.19	2186.16	2409.52	2227.58	2727.53
ENSG00000215268	0.0	0.0	0.0	0.0	0.0	0.0	0.0	0.0
ENSG00000215270	0.0	0.0	0.0	0.0	0.0	0.0	0.0	0.0
ENSG00000215333	0.0	0.0	0.0	0.0	0.0	0.0	0.0	0.0
ENSG00000215347	0.0	0.0	0.0	0.0	0.0	0.0	0.0	0.0
ENSG00000215403	0.0	0.0	0.0	0.0	0.0	0.0	0.0	0.0
ENSG00000215456	0.0	0.0	0.0	0.0	0.0	0.0	0.0	0.0
ENSG00000215464	0.0	0.0	0.0	0.0	0.0	0.0	0.0	0.0
ENSG00000215478	0.0	0.0	0.0	0.0	0.0	0.0	0.0	0.0
ENSG00000215481	0.0	0.0	0.0	0.0	0.0	0.0	0.0	0.0
ENSG00000215493	0.0	0.0	0.0	0.0	0.0	0.0	0.0	0.0
ENSG00000215498	0.0	0.0	0.0	0.0	0.0	0.0	0.0	0.0
ENSG00000215544	0.0	0.0	0.0	0.0	0.0	0.0	0.0	0.0
ENSG00000215568	0.0	0.0	0.0	0.0	0.0	0.0	0.0	0.0
ENSG00000215771	0.0	0.0	0.0	0.0	0.0	0.0	0.0	0.0
ENSG00000217261	0.0	0.0	0.0	0.0	0.0	0.0	0.0	0.0
ENSG00000217442	11110.66	12576.88	13012.04	14507.66	9810.76	13833.56	10122.86	10508.67
ENSG00000218357	0.0	0.0	0.0	0.0	0.0	0.0	0.0	0.0
ENSG00000218537	0.0	0.0	0.0	0.0	0.0	0.0	0.0	0.0
ENSG00000219438	0.0	0.0	0.0	0.0	0.0	0.0	0.0	0.0
ENSG00000220248	0.0	0.0	0.0	0.0	0.0	0.0	0.0	0.0
ENSG00000220702	0.0	0.0	0.0	0.0	0.0	0.0	0.0	0.0
ENSG00000220891	0.0	0.0	0.0	0.0	0.0	0.0	0.0	0.0
ENSG00000221039	0.0	0.0	0.0	0.0	0.0	0.0	0.0	0.0
ENSG00000221598	0.0	0.0	0.0	0.0	0.0	0.0	0.0	0.0
ENSG00000221760	0.0	0.0	0.0	0.0	0.0	0.0	0.0	0.0
ENSG00000221890	3224.61	2809.02	2789.32	2561.04	2392.11	1936.31	2255.97	2706.72
ENSG00000221963	0.0	0.0	0.0	0.0	0.0	0.0	0.0	0.0
ENSG00000222037	0.0	0.0	0.0	0.0	0.0	0.0	0.0	0.0
ENSG00000222044	0.0	0.0	0.0	0.0	0.0	0.0	0.0	0.0
ENSG00000222352	0.0	0.0	0.0	0.0	0.0	0.0	0.0	0.0
ENSG00000222585	0.0	0.0	0.0	0.0	0.0	0.0	0.0	0.0
ENSG00000222630	0.0	0.0	0.0	0.0	0.0	0.0	0.0	0.0
ENSG00000222698	0.0	0.0	0.0	0.0	0.0	0.0	0.0	0.0
ENSG00000222915	0.0	0.0	0.0	0.0	0.0	0.0	0.0	0.0
ENSG00000223056	0.0	0.0	0.0	0.0	0.0	0.0	0.0	0.0
ENSG00000223142	0.0	0.0	0.0	0.0	0.0	0.0	0.0	0.0
ENSG00000223350	0.0	0.0	0.0	0.0	0.0	0.0	0.0	0.0
ENSG00000223461	0.0	0.0	0.0	0.0	0.0	0.0	0.0	0.0
ENSG00000223553	0.0	0.0	0.0	0.0	0.0	0.0	0.0	0.0
ENSG00000223679	0.0	0.0	0.0	0.0	0.0	0.0	0.0	0.0
ENSG00000223695	0.0	0.0	0.0	0.0	0.0	0.0	0.0	0.0
ENSG00000223704	0.0	0.0	0.0	0.0	0.0	0.0	0.0	0.0
ENSG00000223726	0.0	0.0	0.0	0.0	0.0	0.0	0.0	0.0
ENSG00000223730	0.0	0.0	0.0	0.0	0.0	0.0	0.0	0.0
ENSG00000223831	0.0	0.0	0.0	0.0	0.0	0.0	0.0	0.0
ENSG00000223843	0.0	0.0	0.0	0.0	0.0	0.0	0.0	0.0
ENSG00000223875	0.0	0.0	0.0	0.0	0.0	0.0	0.0	0.0
ENSG00000223999	0.0	0.0	0.0	0.0	0.0	0.0	0.0	0.0
ENSG00000224003	0.0	0.0	0.0	0.0	0.0	0.0	0.0	0.0
ENSG00000224027	0.0	0.0	0.0	0.0	0.0	0.0	0.0	0.0
ENSG00000224086	0.0	0.0	0.0	0.0	0.0	0.0	0.0	0.0
ENSG00000224124	0.0	0.0	0.0	0.0	0.0	0.0	0.0	0.0
ENSG00000224144	0.0	0.0	0.0	0.0	0.0	0.0	0.0	0.0
ENSG00000224192	0.0	0.0	0.0	0.0	0.0	0.0	0.0	0.0
ENSG00000224205	0.0	0.0	0.0	0.0	0.0	0.0	0.0	0.0
ENSG00000224256	0.0	0.0	0.0	0.0	0.0	0.0	0.0	0.0
ENSG00000224271	0.0	0.0	0.0	0.0	0.0	0.0	0.0	0.0
ENSG00000224277	0.0	0.0	0.0	0.0	0.0	0.0	0.0	0.0
ENSG00000224279	0.0	0.0	0.0	0.0	0.0	0.0	0.0	0.0
ENSG00000224334	0.0	0.0	0.0	0.0	0.0	0.0	0.0	0.0
ENSG00000224404	0.0	0.0	0.0	0.0	0.0	0.0	0.0	0.0
ENSG00000224435	0.0	0.0	0.0	0.0	0.0	0.0	0.0	0.0
ENSG00000224465	0.0	0.0	0.0	0.0	0.0	0.0	0.0	0.0
ENSG00000224688	0.0	0.0	0.0	0.0	0.0	0.0	0.0	0.0
ENSG00000224715	0.0	0.0	0.0	0.0	0.0	0.0	0.0	0.0
ENSG00000224794	0.0	0.0	0.0	0.0	0.0	0.0	0.0	0.0
ENSG00000224806	0.0	0.0	0.0	0.0	0.0	0.0	0.0	0.0
ENSG00000224856	0.0	0.0	0.0	0.0	0.0	0.0	0.0	0.0
ENSG00000224883	0.0	0.0	0.0	0.0	0.0	0.0	0.0	0.0
ENSG00000224973	0.0	0.0	0.0	0.0	0.0	0.0	0.0	0.0
ENSG00000225007	0.0	0.0	0.0	0.0	0.0	0.0	0.0	0.0
ENSG00000225098	0.0	0.0	0.0	0.0	0.0	0.0	0.0	0.0
ENSG00000225225	0.0	0.0	0.0	0.0	0.0	0.0	0.0	0.0
ENSG00000225255	0.0	0.0	0.0	0.0	0.0	0.0	0.0	0.0
ENSG00000225282	0.0	0.0	0.0	0.0	0.0	0.0	0.0	0.0
ENSG00000225293	0.0	0.0	0.0	0.0	0.0	0.0	0.0	0.0
ENSG00000225335	0.0	0.0	0.0	0.0	0.0	0.0	0.0	0.0
ENSG00000225413	0.0	0.0	0.0	0.0	0.0	0.0	0.0	0.0
ENSG00000225450	0.0	0.0	0.0	0.0	0.0	0.0	0.0	0.0
ENSG00000225465	0.0	0.0	0.0	0.0	0.0	0.0	0.0	0.0
ENSG00000225480	0.0	0.0	0.0	0.0	0.0	0.0	0.0	0.0
ENSG00000225528	0.0	0.0	0.0	0.0	0.0	0.0	0.0	0.0
ENSG00000225544	0.0	0.0	0.0	0.0	0.0	0.0	0.0	0.0
ENSG00000225557	0.0	0.0	0.0	0.0	0.0	0.0	0.0	0.0
ENSG00000225676	0.0	0.0	0.0	0.0	0.0	0.0	0.0	0.0
ENSG00000225720	0.0	0.0	0.0	0.0	0.0	0.0	0.0	0.0
ENSG00000225724	0.0	0.0	0.0	0.0	0.0	0.0	0.0	0.0
ENSG00000225741	0.0	0.0	0.0	0.0	0.0	0.0	0.0	0.0
ENSG00000225774	0.0	0.0	0.0	0.0	0.0	0.0	0.0	0.0
ENSG00000225783	0.0	0.0	0.0	0.0	0.0	0.0	0.0	0.0
ENSG00000225867	0.0	0.0	0.0	0.0	0.0	0.0	0.0	0.0
ENSG00000225929	0.0	0.0	0.0	0.0	0.0	0.0	0.0	0.0
ENSG00000225971	0.0	0.0	0.0	0.0	0.0	0.0	0.0	0.0
ENSG00000226024	0.0	0.0	0.0	0.0	0.0	0.0	0.0	0.0
ENSG00000226085	0.0	0.0	0.0	0.0	0.0	0.0	0.0	0.0
ENSG00000226142	0.0	0.0	0.0	0.0	0.0	0.0	0.0	0.0
ENSG00000226160	0.0	0.0	0.0	0.0	0.0	0.0	0.0	0.0
ENSG00000226169	0.0	0.0	0.0	0.0	0.0	0.0	0.0	0.0
ENSG00000226233	0.0	0.0	0.0	0.0	0.0	0.0	0.0	0.0
ENSG00000226287	0.0	0.0	0.0	0.0	0.0	0.0	0.0	0.0
ENSG00000226328	0.0	0.0	0.0	0.0	0.0	0.0	0.0	0.0
ENSG00000226336	0.0	0.0	0.0	0.0	0.0	0.0	0.0	0.0
ENSG00000226420	0.0	0.0	0.0	0.0	0.0	0.0	0.0	0.0
ENSG00000226444	0.0	0.0	0.0	0.0	0.0	0.0	0.0	0.0
ENSG00000226450	0.0	0.0	0.0	0.0	0.0	0.0	0.0	0.0
ENSG00000226471	0.0	0.0	0.0	0.0	0.0	0.0	0.0	0.0
ENSG00000226474	0.0	0.0	0.0	0.0	0.0	0.0	0.0	0.0
ENSG00000226477	0.0	0.0	0.0	0.0	0.0	0.0	0.0	0.0
ENSG00000226534	0.0	0.0	0.0	0.0	0.0	0.0	0.0	0.0
ENSG00000226573	0.0	0.0	0.0	0.0	0.0	0.0	0.0	0.0
ENSG00000226595	0.0	0.0	0.0	0.0	0.0	0.0	0.0	0.0
ENSG00000226741	0.0	0.0	0.0	0.0	0.0	0.0	0.0	0.0
ENSG00000226772	0.0	0.0	0.0	0.0	0.0	0.0	0.0	0.0
ENSG00000226872	0.0	0.0	0.0	0.0	0.0	0.0	0.0	0.0
ENSG00000226885	0.0	0.0	0.0	0.0	0.0	0.0	0.0	0.0
ENSG00000226912	0.0	0.0	0.0	0.0	0.0	0.0	0.0	0.0
ENSG00000226954	0.0	0.0	0.0	0.0	0.0	0.0	0.0	0.0
ENSG00000226989	0.0	0.0	0.0	0.0	0.0	0.0	0.0	0.0
ENSG00000227009	0.0	0.0	0.0	0.0	0.0	0.0	0.0	0.0
ENSG00000227117	0.0	0.0	0.0	0.0	0.0	0.0	0.0	0.0
ENSG00000227188	0.0	0.0	0.0	0.0	0.0	0.0	0.0	0.0
ENSG00000227201	0.0	0.0	0.0	0.0	0.0	0.0	0.0	0.0
ENSG00000227367	0.0	0.0	0.0	0.0	0.0	0.0	0.0	0.0
ENSG00000227370	0.0	0.0	0.0	0.0	0.0	0.0	0.0	0.0
ENSG00000227413	0.0	0.0	0.0	0.0	0.0	0.0	0.0	0.0
ENSG00000227484	0.0	0.0	0.0	0.0	0.0	0.0	0.0	0.0
ENSG00000227519	0.0	0.0	0.0	0.0	0.0	0.0	0.0	0.0
ENSG00000227710	0.0	0.0	0.0	0.0	0.0	0.0	0.0	0.0
ENSG00000227755	0.0	0.0	0.0	0.0	0.0	0.0	0.0	0.0
ENSG00000227813	0.0	0.0	0.0	0.0	0.0	0.0	0.0	0.0
ENSG00000227838	0.0	0.0	0.0	0.0	0.0	0.0	0.0	0.0
ENSG00000227880	0.0	0.0	0.0	0.0	0.0	0.0	0.0	0.0
ENSG00000228039	0.0	0.0	0.0	0.0	0.0	0.0	0.0	0.0
ENSG00000228045	0.0	0.0	0.0	0.0	0.0	0.0	0.0	0.0
ENSG00000228050	0.0	0.0	0.0	0.0	0.0	0.0	0.0	0.0
ENSG00000228122	0.0	0.0	0.0	0.0	0.0	0.0	0.0	0.0
ENSG00000228161	0.0	0.0	0.0	0.0	0.0	0.0	0.0	0.0
ENSG00000228194	0.0	0.0	0.0	0.0	0.0	0.0	0.0	0.0
ENSG00000228274	0.0	0.0	0.0	0.0	0.0	0.0	0.0	0.0
ENSG00000228315	0.0	0.0	0.0	0.0	0.0	0.0	0.0	0.0
ENSG00000228587	0.0	0.0	0.0	0.0	0.0	0.0	0.0	0.0
ENSG00000228599	0.0	0.0	0.0	0.0	0.0	0.0	0.0	0.0
ENSG00000228620	0.0	0.0	0.0	0.0	0.0	0.0	0.0	0.0
ENSG00000228622	0.0	0.0	0.0	0.0	0.0	0.0	0.0	0.0
ENSG00000228719	0.0	0.0	0.0	0.0	0.0	0.0	0.0	0.0
ENSG00000228807	0.0	0.0	0.0	0.0	0.0	0.0	0.0	0.0
ENSG00000228839	0.0	0.0	0.0	0.0	0.0	0.0	0.0	0.0
ENSG00000228923	0.0	0.0	0.0	0.0	0.0	0.0	0.0	0.0
ENSG00000229027	0.0	0.0	0.0	0.0	0.0	0.0	0.0	0.0
ENSG00000229088	0.0	0.0	0.0	0.0	0.0	0.0	0.0	0.0
ENSG00000229107	0.0	0.0	0.0	0.0	0.0	0.0	0.0	0.0
ENSG00000229169	0.0	0.0	0.0	0.0	0.0	0.0	0.0	0.0
ENSG00000229266	0.0	0.0	0.0	0.0	0.0	0.0	0.0	0.0
ENSG00000229275	0.0	0.0	0.0	0.0	0.0	0.0	0.0	0.0
ENSG00000229286	0.0	0.0	0.0	0.0	0.0	0.0	0.0	0.0
ENSG00000229409	0.0	0.0	0.0	0.0	0.0	0.0	0.0	0.0
ENSG00000229492	0.0	0.0	0.0	0.0	0.0	0.0	0.0	0.0
ENSG00000229598	0.0	0.0	0.0	0.0	0.0	0.0	0.0	0.0
ENSG00000229608	0.0	0.0	0.0	0.0	0.0	0.0	0.0	0.0
ENSG00000229658	0.0	0.0	0.0	0.0	0.0	0.0	0.0	0.0
ENSG00000229673	0.0	0.0	0.0	0.0	0.0	0.0	0.0	0.0
ENSG00000229770	0.0	0.0	0.0	0.0	0.0	0.0	0.0	0.0
ENSG00000229891	0.0	0.0	0.0	0.0	0.0	0.0	0.0	0.0
ENSG00000229955	0.0	0.0	0.0	0.0	0.0	0.0	0.0	0.0
ENSG00000229971	0.0	0.0	0.0	0.0	0.0	0.0	0.0	0.0
ENSG00000229999	0.0	0.0	0.0	0.0	0.0	0.0	0.0	0.0
ENSG00000230051	0.0	0.0	0.0	0.0	0.0	0.0	0.0	0.0
ENSG00000230071	0.0	0.0	0.0	0.0	0.0	0.0	0.0	0.0
ENSG00000230107	0.0	0.0	0.0	0.0	0.0	0.0	0.0	0.0
ENSG00000230120	0.0	0.0	0.0	0.0	0.0	0.0	0.0	0.0
ENSG00000230137	0.0	0.0	0.0	0.0	0.0	0.0	0.0	0.0
ENSG00000230149	0.0	0.0	0.0	0.0	0.0	0.0	0.0	0.0
ENSG00000230194	0.0	0.0	0.0	0.0	0.0	0.0	0.0	0.0
ENSG00000230203	0.0	0.0	0.0	0.0	0.0	0.0	0.0	0.0
ENSG00000230319	0.0	0.0	0.0	0.0	0.0	0.0	0.0	0.0
ENSG00000230471	0.0	0.0	0.0	0.0	0.0	0.0	0.0	0.0
ENSG00000230481	0.0	0.0	0.0	0.0	0.0	0.0	0.0	0.0
ENSG00000230485	0.0	0.0	0.0	0.0	0.0	0.0	0.0	0.0
ENSG00000230513	0.0	0.0	0.0	0.0	0.0	0.0	0.0	0.0
ENSG00000230634	0.0	0.0	0.0	0.0	0.0	0.0	0.0	0.0
ENSG00000230637	0.0	0.0	0.0	0.0	0.0	0.0	0.0	0.0
ENSG00000230643	0.0	0.0	0.0	0.0	0.0	0.0	0.0	0.0
ENSG00000230701	0.0	0.0	0.0	0.0	0.0	0.0	0.0	0.0
ENSG00000230712	0.0	0.0	0.0	0.0	0.0	0.0	0.0	0.0
ENSG00000230736	0.0	0.0	0.0	0.0	0.0	0.0	0.0	0.0
ENSG00000230741	0.0	0.0	0.0	0.0	0.0	0.0	0.0	0.0
ENSG00000230769	0.0	0.0	0.0	0.0	0.0	0.0	0.0	0.0
ENSG00000230821	0.0	0.0	0.0	0.0	0.0	0.0	0.0	0.0
ENSG00000230866	0.0	0.0	0.0	0.0	0.0	0.0	0.0	0.0
ENSG00000230912	0.0	0.0	0.0	0.0	0.0	0.0	0.0	0.0
ENSG00000230922	0.0	0.0	0.0	0.0	0.0	0.0	0.0	0.0
ENSG00000230947	0.0	0.0	0.0	0.0	0.0	0.0	0.0	0.0
ENSG00000231004	0.0	0.0	0.0	0.0	0.0	0.0	0.0	0.0
ENSG00000231010	0.0	0.0	0.0	0.0	0.0	0.0	0.0	0.0
ENSG00000231086	0.0	0.0	0.0	0.0	0.0	0.0	0.0	0.0
ENSG00000231253	0.0	0.0	0.0	0.0	0.0	0.0	0.0	0.0
ENSG00000231261	0.0	0.0	0.0	0.0	0.0	0.0	0.0	0.0
ENSG00000231271	0.0	0.0	0.0	0.0	0.0	0.0	0.0	0.0
ENSG00000231369	0.0	0.0	0.0	0.0	0.0	0.0	0.0	0.0
ENSG00000231392	0.0	0.0	0.0	0.0	0.0	0.0	0.0	0.0
ENSG00000231405	0.0	0.0	0.0	0.0	0.0	0.0	0.0	0.0
ENSG00000231466	0.0	0.0	0.0	0.0	0.0	0.0	0.0	0.0
ENSG00000231467	0.0	0.0	0.0	0.0	0.0	0.0	0.0	0.0
ENSG00000231495	0.0	0.0	0.0	0.0	0.0	0.0	0.0	0.0
ENSG00000231565	0.0	0.0	0.0	0.0	0.0	0.0	0.0	0.0
ENSG00000231576	0.0	0.0	0.0	0.0	0.0	0.0	0.0	0.0
ENSG00000231711	0.0	0.0	0.0	0.0	0.0	0.0	0.0	0.0
ENSG00000231801	0.0	0.0	0.0	0.0	0.0	0.0	0.0	0.0
ENSG00000231907	0.0	0.0	0.0	0.0	0.0	0.0	0.0	0.0
ENSG00000231933	0.0	0.0	0.0	0.0	0.0	0.0	0.0	0.0
ENSG00000231993	0.0	0.0	0.0	0.0	0.0	0.0	0.0	0.0
ENSG00000232050	0.0	0.0	0.0	0.0	0.0	0.0	0.0	0.0
ENSG00000232073	0.0	0.0	0.0	0.0	0.0	0.0	0.0	0.0
ENSG00000232081	0.0	0.0	0.0	0.0	0.0	0.0	0.0	0.0
ENSG00000232218	0.0	0.0	0.0	0.0	0.0	0.0	0.0	0.0
ENSG00000232254	0.0	0.0	0.0	0.0	0.0	0.0	0.0	0.0
ENSG00000232305	0.0	0.0	0.0	0.0	0.0	0.0	0.0	0.0
ENSG00000232346	0.0	0.0	0.0	0.0	0.0	0.0	0.0	0.0
ENSG00000232350	0.0	0.0	0.0	0.0	0.0	0.0	0.0	0.0
ENSG00000232363	0.0	0.0	0.0	0.0	0.0	0.0	0.0	0.0
ENSG00000232396	0.0	0.0	0.0	0.0	0.0	0.0	0.0	0.0
ENSG00000232464	0.0	0.0	0.0	0.0	0.0	0.0	0.0	0.0
ENSG00000232515	0.0	0.0	0.0	0.0	0.0	0.0	0.0	0.0
ENSG00000232530	0.0	0.0	0.0	0.0	0.0	0.0	0.0	0.0
ENSG00000232545	0.0	0.0	0.0	0.0	0.0	0.0	0.0	0.0
ENSG00000232564	0.0	0.0	0.0	0.0	0.0	0.0	0.0	0.0
ENSG00000232603	0.0	0.0	0.0	0.0	0.0	0.0	0.0	0.0
ENSG00000232655	0.0	0.0	0.0	0.0	0.0	0.0	0.0	0.0
ENSG00000232707	0.0	0.0	0.0	0.0	0.0	0.0	0.0	0.0
ENSG00000232710	0.0	0.0	0.0	0.0	0.0	0.0	0.0	0.0
ENSG00000232754	0.0	0.0	0.0	0.0	0.0	0.0	0.0	0.0
ENSG00000232771	0.0	0.0	0.0	0.0	0.0	0.0	0.0	0.0
ENSG00000232775	0.0	0.0	0.0	0.0	0.0	0.0	0.0	0.0
ENSG00000232897	0.0	0.0	0.0	0.0	0.0	0.0	0.0	0.0
ENSG00000232926	0.0	0.0	0.0	0.0	0.0	0.0	0.0	0.0
ENSG00000233010	0.0	0.0	0.0	0.0	0.0	0.0	0.0	0.0
ENSG00000233080	0.0	0.0	0.0	0.0	0.0	0.0	0.0	0.0
ENSG00000233157	0.0	0.0	0.0	0.0	0.0	0.0	0.0	0.0
ENSG00000233179	0.0	0.0	0.0	0.0	0.0	0.0	0.0	0.0
ENSG00000233360	0.0	0.0	0.0	0.0	0.0	0.0	0.0	0.0
ENSG00000233388	0.0	0.0	0.0	0.0	0.0	0.0	0.0	0.0
ENSG00000233408	0.0	0.0	0.0	0.0	0.0	0.0	0.0	0.0
ENSG00000233471	0.0	0.0	0.0	0.0	0.0	0.0	0.0	0.0
ENSG00000233521	0.0	0.0	0.0	0.0	0.0	0.0	0.0	0.0
ENSG00000233574	0.0	0.0	0.0	0.0	0.0	0.0	0.0	0.0
ENSG00000233577	0.0	0.0	0.0	0.0	0.0	0.0	0.0	0.0
ENSG00000233603	0.0	0.0	0.0	0.0	0.0	0.0	0.0	0.0
ENSG00000233632	0.0	0.0	0.0	0.0	0.0	0.0	0.0	0.0
ENSG00000233720	0.0	0.0	0.0	0.0	0.0	0.0	0.0	0.0
ENSG00000233733	0.0	0.0	0.0	0.0	0.0	0.0	0.0	0.0
ENSG00000233739	0.0	0.0	0.0	0.0	0.0	0.0	0.0	0.0
ENSG00000233764	0.0	0.0	0.0	0.0	0.0	0.0	0.0	0.0
ENSG00000233866	0.0	0.0	0.0	0.0	0.0	0.0	0.0	0.0
ENSG00000233995	0.0	0.0	0.0	0.0	0.0	0.0	0.0	0.0
ENSG00000234009	0.0	0.0	0.0	0.0	0.0	0.0	0.0	0.0
ENSG00000234121	0.0	0.0	0.0	0.0	0.0	0.0	0.0	0.0
ENSG00000234208	0.0	0.0	0.0	0.0	0.0	0.0	0.0	0.0
ENSG00000234300	0.0	0.0	0.0	0.0	0.0	0.0	0.0	0.0
ENSG00000234353	0.0	0.0	0.0	0.0	0.0	0.0	0.0	0.0
ENSG00000234381	0.0	0.0	0.0	0.0	0.0	0.0	0.0	0.0
ENSG00000234409	0.0	0.0	0.0	0.0	0.0	0.0	0.0	0.0
ENSG00000234479	0.0	0.0	0.0	0.0	0.0	0.0	0.0	0.0
ENSG00000234503	0.0	0.0	0.0	0.0	0.0	0.0	0.0	0.0
ENSG00000234626	0.0	0.0	0.0	0.0	0.0	0.0	0.0	0.0
ENSG00000234630	0.0	0.0	0.0	0.0	0.0	0.0	0.0	0.0
ENSG00000234688	0.0	0.0	0.0	0.0	0.0	0.0	0.0	0.0
ENSG00000234726	0.0	0.0	0.0	0.0	0.0	0.0	0.0	0.0
ENSG00000234735	0.0	0.0	0.0	0.0	0.0	0.0	0.0	0.0
ENSG00000234764	0.0	0.0	0.0	0.0	0.0	0.0	0.0	0.0
ENSG00000234869	0.0	0.0	0.0	0.0	0.0	0.0	0.0	0.0
ENSG00000234884	0.0	0.0	0.0	0.0	0.0	0.0	0.0	0.0
ENSG00000234891	0.0	0.0	0.0	0.0	0.0	0.0	0.0	0.0
ENSG00000234892	0.0	0.0	0.0	0.0	0.0	0.0	0.0	0.0
ENSG00000234913	0.0	0.0	0.0	0.0	0.0	0.0	0.0	0.0
ENSG00000234928	0.0	0.0	0.0	0.0	0.0	0.0	0.0	0.0
ENSG00000234965	0.0	0.0	0.0	0.0	0.0	0.0	0.0	0.0
ENSG00000234979	0.0	0.0	0.0	0.0	0.0	0.0	0.0	0.0
ENSG00000235062	0.0	0.0	0.0	0.0	0.0	0.0	0.0	0.0
ENSG00000235091	0.0	0.0	0.0	0.0	0.0	0.0	0.0	0.0
ENSG00000235111	0.0	0.0	0.0	0.0	0.0	0.0	0.0	0.0
ENSG00000235154	0.0	0.0	0.0	0.0	0.0	0.0	0.0	0.0
ENSG00000235159	0.0	0.0	0.0	0.0	0.0	0.0	0.0	0.0
ENSG00000235209	0.0	0.0	0.0	0.0	0.0	0.0	0.0	0.0
ENSG00000235237	0.0	0.0	0.0	0.0	0.0	0.0	0.0	0.0
ENSG00000235246	0.0	0.0	0.0	0.0	0.0	0.0	0.0	0.0
ENSG00000235271	0.0	0.0	0.0	0.0	0.0	0.0	0.0	0.0
ENSG00000235295	0.0	0.0	0.0	0.0	0.0	0.0	0.0	0.0
ENSG00000235328	0.0	0.0	0.0	0.0	0.0	0.0	0.0	0.0
ENSG00000235343	0.0	0.0	0.0	0.0	0.0	0.0	0.0	0.0
ENSG00000235347	0.0	0.0	0.0	0.0	0.0	0.0	0.0	0.0
ENSG00000235445	0.0	0.0	0.0	0.0	0.0	0.0	0.0	0.0
ENSG00000235478	0.0	0.0	0.0	0.0	0.0	0.0	0.0	0.0
ENSG00000235485	0.0	0.0	0.0	0.0	0.0	0.0	0.0	0.0
ENSG00000235513	0.0	0.0	0.0	0.0	0.0	0.0	0.0	0.0
ENSG00000235568	0.0	0.0	0.0	0.0	0.0	0.0	0.0	0.0
ENSG00000235573	0.0	0.0	0.0	0.0	0.0	0.0	0.0	0.0
ENSG00000235578	0.0	0.0	0.0	0.0	0.0	0.0	0.0	0.0
ENSG00000235617	0.0	0.0	0.0	0.0	0.0	0.0	0.0	0.0
ENSG00000235647	0.0	0.0	0.0	0.0	0.0	0.0	0.0	0.0
ENSG00000235689	0.0	0.0	0.0	0.0	0.0	0.0	0.0	0.0
ENSG00000235759	0.0	0.0	0.0	0.0	0.0	0.0	0.0	0.0
ENSG00000235776	0.0	0.0	0.0	0.0	0.0	0.0	0.0	0.0
ENSG00000235786	0.0	0.0	0.0	0.0	0.0	0.0	0.0	0.0
ENSG00000235954	0.0	0.0	0.0	0.0	0.0	0.0	0.0	0.0
ENSG00000235969	0.0	0.0	0.0	0.0	0.0	0.0	0.0	0.0
ENSG00000235989	0.0	0.0	0.0	0.0	0.0	0.0	0.0	0.0
ENSG00000235992	0.0	0.0	0.0	0.0	0.0	0.0	0.0	0.0
ENSG00000236003	0.0	0.0	0.0	0.0	0.0	0.0	0.0	0.0
ENSG00000236052	0.0	0.0	0.0	0.0	0.0	0.0	0.0	0.0
ENSG00000236054	0.0	0.0	0.0	0.0	0.0	0.0	0.0	0.0
ENSG00000236079	0.0	0.0	0.0	0.0	0.0	0.0	0.0	0.0
ENSG00000236097	0.0	0.0	0.0	0.0	0.0	0.0	0.0	0.0
ENSG00000236117	0.0	0.0	0.0	0.0	0.0	0.0	0.0	0.0
ENSG00000236118	0.0	0.0	0.0	0.0	0.0	0.0	0.0	0.0
ENSG00000236132	0.0	0.0	0.0	0.0	0.0	0.0	0.0	0.0
ENSG00000236235	0.0	0.0	0.0	0.0	0.0	0.0	0.0	0.0
ENSG00000236272	0.0	0.0	0.0	0.0	0.0	0.0	0.0	0.0
ENSG00000236323	0.0	0.0	0.0	0.0	0.0	0.0	0.0	0.0
ENSG00000236325	0.0	0.0	0.0	0.0	0.0	0.0	0.0	0.0
ENSG00000236464	0.0	0.0	0.0	0.0	0.0	0.0	0.0	0.0
ENSG00000236499	0.0	0.0	0.0	0.0	0.0	0.0	0.0	0.0
ENSG00000236540	0.0	0.0	0.0	0.0	0.0	0.0	0.0	0.0
ENSG00000236611	0.0	0.0	0.0	0.0	0.0	0.0	0.0	0.0
ENSG00000236641	0.0	0.0	0.0	0.0	0.0	0.0	0.0	0.0
ENSG00000236666	0.0	0.0	0.0	0.0	0.0	0.0	0.0	0.0
ENSG00000236670	0.0	0.0	0.0	0.0	0.0	0.0	0.0	0.0
ENSG00000236754	0.0	0.0	0.0	0.0	0.0	0.0	0.0	0.0
ENSG00000236794	0.0	0.0	0.0	0.0	0.0	0.0	0.0	0.0
ENSG00000236831	0.0	0.0	0.0	0.0	0.0	0.0	0.0	0.0
ENSG00000236858	0.0	0.0	0.0	0.0	0.0	0.0	0.0	0.0
ENSG00000236867	0.0	0.0	0.0	0.0	0.0	0.0	0.0	0.0
ENSG00000236890	0.0	0.0	0.0	0.0	0.0	0.0	0.0	0.0
ENSG00000237015	0.0	0.0	0.0	0.0	0.0	0.0	0.0	0.0
ENSG00000237037	0.0	0.0	0.0	0.0	0.0	0.0	0.0	0.0
ENSG00000237127	0.0	0.0	0.0	0.0	0.0	0.0	0.0	0.0
ENSG00000237129	0.0	0.0	0.0	0.0	0.0	0.0	0.0	0.0
ENSG00000237214	0.0	0.0	0.0	0.0	0.0	0.0	0.0	0.0
ENSG00000237299	0.0	0.0	0.0	0.0	0.0	0.0	0.0	0.0
ENSG00000237316	0.0	0.0	0.0	0.0	0.0	0.0	0.0	0.0
ENSG00000237347	0.0	0.0	0.0	0.0	0.0	0.0	0.0	0.0
ENSG00000237358	0.0	0.0	0.0	0.0	0.0	0.0	0.0	0.0
ENSG00000237387	0.0	0.0	0.0	0.0	0.0	0.0	0.0	0.0
ENSG00000237406	0.0	0.0	0.0	0.0	0.0	0.0	0.0	0.0
ENSG00000237407	0.0	0.0	0.0	0.0	0.0	0.0	0.0	0.0
ENSG00000237428	0.0	0.0	0.0	0.0	0.0	0.0	0.0	0.0
ENSG00000237438	0.0	0.0	0.0	0.0	0.0	0.0	0.0	0.0
ENSG00000237439	0.0	0.0	0.0	0.0	0.0	0.0	0.0	0.0
ENSG00000237446	0.0	0.0	0.0	0.0	0.0	0.0	0.0	0.0
ENSG00000237472	0.0	0.0	0.0	0.0	0.0	0.0	0.0	0.0
ENSG00000237476	0.0	0.0	0.0	0.0	0.0	0.0	0.0	0.0
ENSG00000237517	0.0	0.0	0.0	0.0	0.0	0.0	0.0	0.0
ENSG00000237601	0.0	0.0	0.0	0.0	0.0	0.0	0.0	0.0
ENSG00000237668	0.0	0.0	0.0	0.0	0.0	0.0	0.0	0.0
ENSG00000237689	0.0	0.0	0.0	0.0	0.0	0.0	0.0	0.0
ENSG00000237835	0.0	0.0	0.0	0.0	0.0	0.0	0.0	0.0
ENSG00000237862	0.0	0.0	0.0	0.0	0.0	0.0	0.0	0.0
ENSG00000237948	0.0	0.0	0.0	0.0	0.0	0.0	0.0	0.0
ENSG00000237977	0.0	0.0	0.0	0.0	0.0	0.0	0.0	0.0
ENSG00000238120	0.0	0.0	0.0	0.0	0.0	0.0	0.0	0.0
ENSG00000238125	0.0	0.0	0.0	0.0	0.0	0.0	0.0	0.0
ENSG00000238153	0.0	0.0	0.0	0.0	0.0	0.0	0.0	0.0
ENSG00000238192	0.0	0.0	0.0	0.0	0.0	0.0	0.0	0.0
ENSG00000238195	0.0	0.0	0.0	0.0	0.0	0.0	0.0	0.0
ENSG00000238498	0.0	0.0	0.0	0.0	0.0	0.0	0.0	0.0
ENSG00000238584	0.0	0.0	0.0	0.0	0.0	0.0	0.0	0.0
ENSG00000238875	0.0	0.0	0.0	0.0	0.0	0.0	0.0	0.0
ENSG00000239127	0.0	0.0	0.0	0.0	0.0	0.0	0.0	0.0
ENSG00000239249	0.0	0.0	0.0	0.0	0.0	0.0	0.0	0.0
ENSG00000239282	1281.72	1427.75	1564.29	1679.48	1118.85	2207.9	2329.41	1123.13
ENSG00000239435	0.0	0.0	0.0	0.0	0.0	0.0	0.0	0.0
ENSG00000239446	0.0	0.0	0.0	0.0	0.0	0.0	0.0	0.0
ENSG00000239511	0.0	0.0	0.0	0.0	0.0	0.0	0.0	0.0
ENSG00000239547	0.0	0.0	0.0	0.0	0.0	0.0	0.0	0.0
ENSG00000239674	0.0	0.0	0.0	0.0	0.0	0.0	0.0	0.0
ENSG00000239713	0.0	0.0	0.0	0.0	0.0	0.0	0.0	0.0
ENSG00000239900	9580.96	8906.3	9477.05	9686.62	8167.42	7934.27	7529.79	7057.54
ENSG00000239989	0.0	0.0	0.0	0.0	0.0	0.0	0.0	0.0
ENSG00000240122	0.0	0.0	0.0	0.0	0.0	0.0	0.0	0.0
ENSG00000240160	0.0	0.0	0.0	0.0	0.0	0.0	0.0	0.0
ENSG00000240186	0.0	0.0	0.0	0.0	0.0	0.0	0.0	0.0
ENSG00000240591	0.0	0.0	0.0	0.0	0.0	0.0	0.0	0.0
ENSG00000240647	0.0	0.0	0.0	0.0	0.0	0.0	0.0	0.0
ENSG00000240972	0.0	0.0	0.0	0.0	0.0	0.0	0.0	0.0
ENSG00000241333	0.0	0.0	0.0	0.0	0.0	0.0	0.0	0.0
ENSG00000241360	0.0	0.0	0.0	0.0	0.0	0.0	0.0	0.0
ENSG00000241484	3682.16	4786.67	2946.36	3695.89	2937.29	2021.77	4426.89	2472.05
ENSG00000241527	0.0	0.0	0.0	0.0	0.0	0.0	0.0	0.0
ENSG00000241693	0.0	0.0	0.0	0.0	0.0	0.0	0.0	0.0
ENSG00000241717	0.0	0.0	0.0	0.0	0.0	0.0	0.0	0.0
ENSG00000241832	0.0	0.0	0.0	0.0	0.0	0.0	0.0	0.0
ENSG00000241838	0.0	0.0	0.0	0.0	0.0	0.0	0.0	0.0
ENSG00000241878	767.5	751.03	697.6	602.95	1344.68	827.89	812.95	1159.6
ENSG00000241954	0.0	0.0	0.0	0.0	0.0	0.0	0.0	0.0
ENSG00000241973	1680.29	1801.21	1828.6	1765.18	1765.2	2028.42	1699.24	1426.25
ENSG00000241990	0.0	0.0	0.0	0.0	0.0	0.0	0.0	0.0
ENSG00000242082	0.0	0.0	0.0	0.0	0.0	0.0	0.0	0.0
ENSG00000242114	1138.58	1075.38	1109.04	1000.28	1074.44	1186.84	972.41	1603.98
ENSG00000242156	0.0	0.0	0.0	0.0	0.0	0.0	0.0	0.0
ENSG00000242247	2170.98	2594.13	3077.01	2834.95	3873.24	4330.06	3100.8	3475.01
ENSG00000242251	0.0	0.0	0.0	0.0	0.0	0.0	0.0	0.0
ENSG00000242259	1168.21	958.64	882.21	1122.53	955.31	1480.47	1127.22	1093.84
ENSG00000242876	0.0	0.0	0.0	0.0	0.0	0.0	0.0	0.0
ENSG00000243156	1765.54	1709.74	1668.98	1510.04	1825.76	1678.41	1951.09	1823.5
ENSG00000243519	0.0	0.0	0.0	0.0	0.0	0.0	0.0	0.0
ENSG00000243762	0.0	0.0	0.0	0.0	0.0	0.0	0.0	0.0
ENSG00000243811	3535.89	2434.61	2774.83	3573.83	2725.93	2689.84	3689.71	3252.12
ENSG00000243902	0.0	0.0	0.0	0.0	0.0	0.0	0.0	0.0
ENSG00000244296	0.0	0.0	0.0	0.0	0.0	0.0	0.0	0.0
ENSG00000244425	0.0	0.0	0.0	0.0	0.0	0.0	0.0	0.0
ENSG00000244486	0.0	0.0	0.0	0.0	0.0	0.0	0.0	0.0
ENSG00000244491	0.0	0.0	0.0	0.0	0.0	0.0	0.0	0.0
ENSG00000244509	0.0	0.0	0.0	0.0	0.0	0.0	0.0	0.0
ENSG00000244625	0.0	0.0	0.0	0.0	0.0	0.0	0.0	0.0
ENSG00000244627	0.0	0.0	0.0	0.0	0.0	0.0	0.0	0.0
ENSG00000244671	0.0	0.0	0.0	0.0	0.0	0.0	0.0	0.0
ENSG00000244723	0.0	0.0	0.0	0.0	0.0	0.0	0.0	0.0
ENSG00000244752	1231.88	2605.32	2649.07	2415.07	2250.16	2476.32	2021.62	2821.04
ENSG00000248405	0.0	0.0	0.0	0.0	0.0	0.0	0.0	0.0
ENSG00000248409	0.0	0.0	0.0	0.0	0.0	0.0	0.0	0.0
ENSG00000248751	502.71	598.64	480.86	398.73	1330.63	781.79	727.52	1215.46
ENSG00000249222	0.0	0.0	0.0	0.0	0.0	0.0	0.0	0.0
ENSG00000249263	0.0	0.0	0.0	0.0	0.0	0.0	0.0	0.0
ENSG00000249288	0.0	0.0	0.0	0.0	0.0	0.0	0.0	0.0
ENSG00000249310	0.0	0.0	0.0	0.0	0.0	0.0	0.0	0.0
ENSG00000249333	0.0	0.0	0.0	0.0	0.0	0.0	0.0	0.0
ENSG00000249590	1223.58	1251.37	1222.12	640.36	1823.3	1552.35	1131.49	1701.35
ENSG00000249680	0.0	0.0	0.0	0.0	0.0	0.0	0.0	0.0
ENSG00000249923	0.0	0.0	0.0	0.0	0.0	0.0	0.0	0.0
ENSG00000250261	0.0	0.0	0.0	0.0	0.0	0.0	0.0	0.0
ENSG00000250318	0.0	0.0	0.0	0.0	0.0	0.0	0.0	0.0
ENSG00000250470	0.0	0.0	0.0	0.0	0.0	0.0	0.0	0.0
ENSG00000250479	0.0	0.0	0.0	0.0	0.0	0.0	0.0	0.0
ENSG00000251322	2151.58	1830.19	2035.16	2104.63	1814.05	1762.92	1920.98	1965.73
ENSG00000251357	0.0	0.0	0.0	0.0	0.0	0.0	0.0	0.0
ENSG00000251890	0.0	0.0	0.0	0.0	0.0	0.0	0.0	0.0
ENSG00000251913	0.0	0.0	0.0	0.0	0.0	0.0	0.0	0.0
ENSG00000251940	0.0	0.0	0.0	0.0	0.0	0.0	0.0	0.0
ENSG00000251952	0.0	0.0	0.0	0.0	0.0	0.0	0.0	0.0
ENSG00000251985	0.0	0.0	0.0	0.0	0.0	0.0	0.0	0.0
ENSG00000252020	0.0	0.0	0.0	0.0	0.0	0.0	0.0	0.0
ENSG00000252143	0.0	0.0	0.0	0.0	0.0	0.0	0.0	0.0
ENSG00000252225	0.0	0.0	0.0	0.0	0.0	0.0	0.0	0.0
ENSG00000252267	0.0	0.0	0.0	0.0	0.0	0.0	0.0	0.0
ENSG00000252412	0.0	0.0	0.0	0.0	0.0	0.0	0.0	0.0
ENSG00000252603	0.0	0.0	0.0	0.0	0.0	0.0	0.0	0.0
ENSG00000252859	0.0	0.0	0.0	0.0	0.0	0.0	0.0	0.0
ENSG00000252909	0.0	0.0	0.0	0.0	0.0	0.0	0.0	0.0
ENSG00000253007	0.0	0.0	0.0	0.0	0.0	0.0	0.0	0.0
ENSG00000253120	0.0	0.0	0.0	0.0	0.0	0.0	0.0	0.0
ENSG00000253126	0.0	0.0	0.0	0.0	0.0	0.0	0.0	0.0
ENSG00000253152	0.0	0.0	0.0	0.0	0.0	0.0	0.0	0.0
ENSG00000253234	0.0	0.0	0.0	0.0	0.0	0.0	0.0	0.0
ENSG00000253239	0.0	0.0	0.0	0.0	0.0	0.0	0.0	0.0
ENSG00000253242	0.0	0.0	0.0	0.0	0.0	0.0	0.0	0.0
ENSG00000253329	0.0	0.0	0.0	0.0	0.0	0.0	0.0	0.0
ENSG00000253338	0.0	0.0	0.0	0.0	0.0	0.0	0.0	0.0
ENSG00000253352	0.0	0.0	0.0	0.0	0.0	0.0	0.0	0.0
ENSG00000253448	0.0	0.0	0.0	0.0	0.0	0.0	0.0	0.0
ENSG00000253451	0.0	0.0	0.0	0.0	0.0	0.0	0.0	0.0
ENSG00000253460	0.0	0.0	0.0	0.0	0.0	0.0	0.0	0.0
ENSG00000253481	0.0	0.0	0.0	0.0	0.0	0.0	0.0	0.0
ENSG00000253546	0.0	0.0	0.0	0.0	0.0	0.0	0.0	0.0
ENSG00000253590	0.0	0.0	0.0	0.0	0.0	0.0	0.0	0.0
ENSG00000253631	0.0	0.0	0.0	0.0	0.0	0.0	0.0	0.0
ENSG00000253637	0.0	0.0	0.0	0.0	0.0	0.0	0.0	0.0
ENSG00000253691	0.0	0.0	0.0	0.0	0.0	0.0	0.0	0.0
ENSG00000253752	0.0	0.0	0.0	0.0	0.0	0.0	0.0	0.0
ENSG00000253779	0.0	0.0	0.0	0.0	0.0	0.0	0.0	0.0
ENSG00000253786	0.0	0.0	0.0	0.0	0.0	0.0	0.0	0.0
ENSG00000253794	0.0	0.0	0.0	0.0	0.0	0.0	0.0	0.0
ENSG00000253818	0.0	0.0	0.0	0.0	0.0	0.0	0.0	0.0
ENSG00000253822	0.0	0.0	0.0	0.0	0.0	0.0	0.0	0.0
ENSG00000253823	0.0	0.0	0.0	0.0	0.0	0.0	0.0	0.0
ENSG00000253874	0.0	0.0	0.0	0.0	0.0	0.0	0.0	0.0
ENSG00000253889	0.0	0.0	0.0	0.0	0.0	0.0	0.0	0.0
ENSG00000253913	0.0	0.0	0.0	0.0	0.0	0.0	0.0	0.0
ENSG00000253920	0.0	0.0	0.0	0.0	0.0	0.0	0.0	0.0
ENSG00000253935	0.0	0.0	0.0	0.0	0.0	0.0	0.0	0.0
ENSG00000253963	0.0	0.0	0.0	0.0	0.0	0.0	0.0	0.0
ENSG00000254029	0.0	0.0	0.0	0.0	0.0	0.0	0.0	0.0
ENSG00000254030	0.0	0.0	0.0	0.0	0.0	0.0	0.0	0.0
ENSG00000254073	0.0	0.0	0.0	0.0	0.0	0.0	0.0	0.0
ENSG00000254075	0.0	0.0	0.0	0.0	0.0	0.0	0.0	0.0
ENSG00000254077	0.0	0.0	0.0	0.0	0.0	0.0	0.0	0.0
ENSG00000254127	0.0	0.0	0.0	0.0	0.0	0.0	0.0	0.0
ENSG00000254161	0.0	0.0	0.0	0.0	0.0	0.0	0.0	0.0
ENSG00000254175	0.0	0.0	0.0	0.0	0.0	0.0	0.0	0.0
ENSG00000254240	0.0	0.0	0.0	0.0	0.0	0.0	0.0	0.0
ENSG00000254264	0.0	0.0	0.0	0.0	0.0	0.0	0.0	0.0
ENSG00000254308	0.0	0.0	0.0	0.0	0.0	0.0	0.0	0.0
ENSG00000254355	0.0	0.0	0.0	0.0	0.0	0.0	0.0	0.0
ENSG00000254413	0.0	0.0	0.0	0.0	0.0	0.0	0.0	0.0
ENSG00000254499	0.0	0.0	0.0	0.0	0.0	0.0	0.0	0.0
ENSG00000254709	0.0	0.0	0.0	0.0	0.0	0.0	0.0	0.0
ENSG00000254835	0.0	0.0	0.0	0.0	0.0	0.0	0.0	0.0
ENSG00000255156	0.0	0.0	0.0	0.0	0.0	0.0	0.0	0.0
ENSG00000258555	373.46	373.9	280.58	289.66	278.91	344.56	356.87	286.08
ENSG00000259271	0.0	0.0	0.0	0.0	0.0	0.0	0.0	0.0
ENSG00000259421	0.0	0.0	0.0	0.0	0.0	0.0	0.0	0.0
ENSG00000260613	0.0	0.0	0.0	0.0	0.0	0.0	0.0	0.0
ENSG00000260708	0.0	0.0	0.0	0.0	0.0	0.0	0.0	0.0
ENSG00000260924	0.0	0.0	0.0	0.0	0.0	0.0	0.0	0.0
ENSG00000261188	0.0	0.0	0.0	0.0	0.0	0.0	0.0	0.0
ENSG00000261202	0.0	0.0	0.0	0.0	0.0	0.0	0.0	0.0
ENSG00000261251	0.0	0.0	0.0	0.0	0.0	0.0	0.0	0.0
ENSG00000261675	0.0	0.0	0.0	0.0	0.0	0.0	0.0	0.0
ENSG00000263366	0.0	0.0	0.0	0.0	0.0	0.0	0.0	0.0
ENSG00000263764	0.0	0.0	0.0	0.0	0.0	0.0	0.0	0.0
ENSG00000264073	0.0	0.0	0.0	0.0	0.0	0.0	0.0	0.0
ENSG00000264139	0.0	0.0	0.0	0.0	0.0	0.0	0.0	0.0
ENSG00000264141	0.0	0.0	0.0	0.0	0.0	0.0	0.0	0.0
ENSG00000264160	0.0	0.0	0.0	0.0	0.0	0.0	0.0	0.0
ENSG00000264346	0.0	0.0	0.0	0.0	0.0	0.0	0.0	0.0
ENSG00000264661	0.0	0.0	0.0	0.0	0.0	0.0	0.0	0.0
ENSG00000264757	0.0	0.0	0.0	0.0	0.0	0.0	0.0	0.0
ENSG00000264824	0.0	0.0	0.0	0.0	0.0	0.0	0.0	0.0
ENSG00000266012	0.0	0.0	0.0	0.0	0.0	0.0	0.0	0.0
ENSG00000266320	0.0	0.0	0.0	0.0	0.0	0.0	0.0	0.0
ENSG00000266503	0.0	0.0	0.0	0.0	0.0	0.0	0.0	0.0
ENSG00000266508	0.0	0.0	0.0	0.0	0.0	0.0	0.0	0.0
ENSG00000266533	0.0	0.0	0.0	0.0	0.0	0.0	0.0	0.0
ENSG00000266594	0.0	0.0	0.0	0.0	0.0	0.0	0.0	0.0
ENSG00000266887	0.0	0.0	0.0	0.0	0.0	0.0	0.0	0.0
ENSG00000267338	0.0	0.0	0.0	0.0	0.0	0.0	0.0	0.0
ENSG00000268292	0.0	0.0	0.0	0.0	0.0	0.0	0.0	0.0
ENSG00000268812	0.0	0.0	0.0	0.0	0.0	0.0	0.0	0.0
ENSG00000268818	0.0	0.0	0.0	0.0	0.0	0.0	0.0	0.0
ENSG00000269220	0.0	0.0	0.0	0.0	0.0	0.0	0.0	0.0
ENSG00000269972	0.0	0.0	0.0	0.0	0.0	0.0	0.0	0.0
ENSG00000269987	0.0	0.0	0.0	0.0	0.0	0.0	0.0	0.0
ENSG00000270022	0.0	0.0	0.0	0.0	0.0	0.0	0.0	0.0
ENSG00000270083	0.0	0.0	0.0	0.0	0.0	0.0	0.0	0.0
ENSG00000270226	0.0	0.0	0.0	0.0	0.0	0.0	0.0	0.0
ENSG00000270393	0.0	0.0	0.0	0.0	0.0	0.0	0.0	0.0
ENSG00000271093	0.0	0.0	0.0	0.0	0.0	0.0	0.0	0.0
ENSG00000271127	0.0	0.0	0.0	0.0	0.0	0.0	0.0	0.0
ENSG00000271138	0.0	0.0	0.0	0.0	0.0	0.0	0.0	0.0
ENSG00000271181	0.0	0.0	0.0	0.0	0.0	0.0	0.0	0.0
ENSG00000271275	0.0	0.0	0.0	0.0	0.0	0.0	0.0	0.0
ENSG00000271672	0.0	0.0	0.0	0.0	0.0	0.0	0.0	0.0
ENSG00000272578	0.0	0.0	0.0	0.0	0.0	0.0	0.0	0.0
ENSG00000272582	0.0	0.0	0.0	0.0	0.0	0.0	0.0	0.0
ENSG00000272600	0.0	0.0	0.0	0.0	0.0	0.0	0.0	0.0
ENSG00000272666	0.0	0.0	0.0	0.0	0.0	0.0	0.0	0.0
ENSG00000272669	0.0	0.0	0.0	0.0	0.0	0.0	0.0	0.0
ENSG00000272682	0.0	0.0	0.0	0.0	0.0	0.0	0.0	0.0
ENSG00000272689	0.0	0.0	0.0	0.0	0.0	0.0	0.0	0.0
ENSG00000272694	0.0	0.0	0.0	0.0	0.0	0.0	0.0	0.0
ENSG00000272720	0.0	0.0	0.0	0.0	0.0	0.0	0.0	0.0
ENSG00000272733	0.0	0.0	0.0	0.0	0.0	0.0	0.0	0.0
ENSG00000272779	0.0	0.0	0.0	0.0	0.0	0.0	0.0	0.0
ENSG00000272787	0.0	0.0	0.0	0.0	0.0	0.0	0.0	0.0
ENSG00000272798	0.0	0.0	0.0	0.0	0.0	0.0	0.0	0.0
ENSG00000272821	0.0	0.0	0.0	0.0	0.0	0.0	0.0	0.0
ENSG00000272829	0.0	0.0	0.0	0.0	0.0	0.0	0.0	0.0
ENSG00000272834	0.0	0.0	0.0	0.0	0.0	0.0	0.0	0.0
ENSG00000272836	0.0	0.0	0.0	0.0	0.0	0.0	0.0	0.0
ENSG00000272858	0.0	0.0	0.0	0.0	0.0	0.0	0.0	0.0
ENSG00000272872	0.0	0.0	0.0	0.0	0.0	0.0	0.0	0.0
ENSG00000272940	0.0	0.0	0.0	0.0	0.0	0.0	0.0	0.0
ENSG00000272942	0.0	0.0	0.0	0.0	0.0	0.0	0.0	0.0
ENSG00000272954	0.0	0.0	0.0	0.0	0.0	0.0	0.0	0.0
ENSG00000272973	0.0	0.0	0.0	0.0	0.0	0.0	0.0	0.0
ENSG00000272977	0.0	0.0	0.0	0.0	0.0	0.0	0.0	0.0
ENSG00000273032	0.0	0.0	0.0	0.0	0.0	0.0	0.0	0.0
ENSG00000273044	0.0	0.0	0.0	0.0	0.0	0.0	0.0	0.0
ENSG00000273068	0.0	0.0	0.0	0.0	0.0	0.0	0.0	0.0
ENSG00000273076	0.0	0.0	0.0	0.0	0.0	0.0	0.0	0.0
ENSG00000273082	0.0	0.0	0.0	0.0	0.0	0.0	0.0	0.0
ENSG00000273096	0.0	0.0	0.0	0.0	0.0	0.0	0.0	0.0
ENSG00000273137	0.0	0.0	0.0	0.0	0.0	0.0	0.0	0.0
ENSG00000273139	0.0	0.0	0.0	0.0	0.0	0.0	0.0	0.0
ENSG00000273145	0.0	0.0	0.0	0.0	0.0	0.0	0.0	0.0
ENSG00000273164	0.0	0.0	0.0	0.0	0.0	0.0	0.0	0.0
ENSG00000273176	0.0	0.0	0.0	0.0	0.0	0.0	0.0	0.0
ENSG00000273188	0.0	0.0	0.0	0.0	0.0	0.0	0.0	0.0
ENSG00000273192	0.0	0.0	0.0	0.0	0.0	0.0	0.0	0.0
ENSG00000273203	0.0	0.0	0.0	0.0	0.0	0.0	0.0	0.0
ENSG00000273212	0.0	0.0	0.0	0.0	0.0	0.0	0.0	0.0
ENSG00000273214	0.0	0.0	0.0	0.0	0.0	0.0	0.0	0.0
ENSG00000273216	0.0	0.0	0.0	0.0	0.0	0.0	0.0	0.0
ENSG00000273243	0.0	0.0	0.0	0.0	0.0	0.0	0.0	0.0
ENSG00000273244	0.0	0.0	0.0	0.0	0.0	0.0	0.0	0.0
ENSG00000273253	0.0	0.0	0.0	0.0	0.0	0.0	0.0	0.0
ENSG00000273272	0.0	0.0	0.0	0.0	0.0	0.0	0.0	0.0
ENSG00000273287	0.0	0.0	0.0	0.0	0.0	0.0	0.0	0.0
ENSG00000273289	0.0	0.0	0.0	0.0	0.0	0.0	0.0	0.0
ENSG00000273295	0.0	0.0	0.0	0.0	0.0	0.0	0.0	0.0
ENSG00000273300	0.0	0.0	0.0	0.0	0.0	0.0	0.0	0.0
ENSG00000273311	0.0	0.0	0.0	0.0	0.0	0.0	0.0	0.0
ENSG00000273325	0.0	0.0	0.0	0.0	0.0	0.0	0.0	0.0
ENSG00000273342	0.0	0.0	0.0	0.0	0.0	0.0	0.0	0.0
ENSG00000273343	0.0	0.0	0.0	0.0	0.0	0.0	0.0	0.0
ENSG00000273350	0.0	0.0	0.0	0.0	0.0	0.0	0.0	0.0
ENSG00000273353	0.0	0.0	0.0	0.0	0.0	0.0	0.0	0.0
ENSG00000273362	0.0	0.0	0.0	0.0	0.0	0.0	0.0	0.0
ENSG00000273387	0.0	0.0	0.0	0.0	0.0	0.0	0.0	0.0
ENSG00000273424	0.0	0.0	0.0	0.0	0.0	0.0	0.0	0.0
ENSG00000273428	0.0	0.0	0.0	0.0	0.0	0.0	0.0	0.0
ENSG00000273442	0.0	0.0	0.0	0.0	0.0	0.0	0.0	0.0
ENSG00000273643	0.0	0.0	0.0	0.0	0.0	0.0	0.0	0.0
ENSG00000273846	0.0	0.0	0.0	0.0	0.0	0.0	0.0	0.0
ENSG00000273866	0.0	0.0	0.0	0.0	0.0	0.0	0.0	0.0
ENSG00000273899	1373.42	1894.85	1569.42	1704.8	1869.02	1157.59	2164.18	1922.27
ENSG00000273907	0.0	0.0	0.0	0.0	0.0	0.0	0.0	0.0
ENSG00000273979	0.0	0.0	0.0	0.0	0.0	0.0	0.0	0.0
ENSG00000274044	0.0	0.0	0.0	0.0	0.0	0.0	0.0	0.0
ENSG00000274170	0.0	0.0	0.0	0.0	0.0	0.0	0.0	0.0
ENSG00000274252	0.0	0.0	0.0	0.0	0.0	0.0	0.0	0.0
ENSG00000274280	0.0	0.0	0.0	0.0	0.0	0.0	0.0	0.0
ENSG00000274342	0.0	0.0	0.0	0.0	0.0	0.0	0.0	0.0
ENSG00000274381	0.0	0.0	0.0	0.0	0.0	0.0	0.0	0.0
ENSG00000274422	0.0	0.0	0.0	0.0	0.0	0.0	0.0	0.0
ENSG00000274552	0.0	0.0	0.0	0.0	0.0	0.0	0.0	0.0
ENSG00000274600	0.0	0.0	0.0	0.0	0.0	0.0	0.0	0.0
ENSG00000274602	0.0	0.0	0.0	0.0	6.47	9.93	0.0	0.0
ENSG00000274617	0.0	0.0	0.0	0.0	0.0	0.0	0.0	0.0
ENSG00000274625	0.0	0.0	0.0	0.0	0.0	0.0	0.0	0.0
ENSG00000274717	0.0	0.0	0.0	0.0	0.0	0.0	0.0	0.0
ENSG00000275004	799.99	881.88	811.47	942.63	853.91	864.94	733.63	1119.09
ENSG00000275060	0.0	0.0	0.0	0.0	0.0	0.0	0.0	0.0
ENSG00000275293	0.0	0.0	0.0	0.0	0.0	0.0	0.0	0.0
ENSG00000275307	0.0	0.0	0.0	0.0	0.0	0.0	0.0	0.0
ENSG00000275319	0.0	0.0	0.0	0.0	0.0	0.0	0.0	0.0
ENSG00000275361	0.0	0.0	0.0	0.0	0.0	0.0	0.0	0.0
ENSG00000275362	0.0	0.0	0.0	0.0	0.0	0.0	0.0	0.0
ENSG00000275609	0.0	0.0	0.0	0.0	0.0	0.0	0.0	0.0
ENSG00000275635	0.0	0.0	0.0	0.0	0.0	0.0	0.0	0.0
ENSG00000275656	0.0	0.0	0.0	0.0	0.0	0.0	0.0	0.0
ENSG00000275772	0.0	0.0	0.0	0.0	0.0	0.0	0.0	0.0
ENSG00000275793	0.0	0.0	0.0	0.0	0.0	0.0	0.0	0.0
ENSG00000275818	0.0	0.0	0.0	0.0	0.0	0.0	0.0	0.0
ENSG00000275840	0.0	0.0	0.0	0.0	0.0	0.0	0.0	0.0
ENSG00000275942	0.0	0.0	0.0	0.0	0.0	0.0	0.0	0.0
ENSG00000276027	0.0	0.0	0.0	0.0	0.0	0.0	0.0	0.0
ENSG00000276057	0.0	0.0	0.0	0.0	0.0	0.0	0.0	0.0
ENSG00000276095	0.0	0.0	0.0	0.0	0.0	0.0	0.0	0.0
ENSG00000276138	0.0	0.0	0.0	0.0	0.0	0.0	0.0	0.0
ENSG00000276150	0.0	0.0	0.0	0.0	0.0	0.0	0.0	0.0
ENSG00000276160	0.0	0.0	0.0	0.0	0.0	0.0	0.0	0.0
ENSG00000276162	0.0	0.0	0.0	0.0	0.0	0.0	0.0	0.0
ENSG00000276400	0.0	0.0	0.0	0.0	0.0	0.0	0.0	0.0
ENSG00000276427	0.0	0.0	0.0	0.0	0.0	0.0	0.0	0.0
ENSG00000276664	0.0	0.0	0.0	0.0	0.0	0.0	0.0	0.0
ENSG00000276675	0.0	0.0	0.0	0.0	0.0	0.0	0.0	0.0
ENSG00000276753	0.0	0.0	0.0	0.0	0.0	0.0	0.0	0.0
ENSG00000276800	0.0	0.0	0.0	0.0	0.0	0.0	0.0	0.0
ENSG00000276871	0.0	0.0	0.0	0.0	0.0	0.0	0.0	0.0
ENSG00000276874	0.0	0.0	0.0	0.0	0.0	0.0	0.0	0.0
ENSG00000276950	2298.09	1835.98	2000.28	2386.27	2026.36	2507.64	2256.14	2303.1
ENSG00000276965	0.0	0.0	0.0	0.0	0.0	0.0	0.0	0.0
ENSG00000276991	0.0	0.0	0.0	0.0	0.0	0.0	0.0	0.0
ENSG00000277017	0.0	0.0	0.0	0.0	0.0	0.0	0.0	0.0
ENSG00000277232	0.0	0.0	0.0	0.0	0.0	0.0	0.0	0.0
ENSG00000277248	0.0	0.0	0.0	0.0	0.0	0.0	0.0	0.0
ENSG00000277385	0.0	0.0	0.0	0.0	0.0	0.0	0.0	0.0
ENSG00000277460	0.0	0.0	0.0	0.0	0.0	0.0	0.0	0.0
ENSG00000277690	0.0	0.0	0.0	0.0	0.0	0.0	0.0	0.0
ENSG00000277771	0.0	0.0	0.0	0.0	0.0	0.0	0.0	0.0
ENSG00000277870	0.0	0.0	0.0	0.0	0.0	0.0	0.0	0.0
ENSG00000277872	0.0	0.0	0.0	0.0	0.0	0.0	0.0	0.0
ENSG00000277941	0.0	0.0	0.0	0.0	0.0	0.0	0.0	0.0
ENSG00000277950	0.0	0.0	0.0	0.0	0.0	0.0	0.0	0.0
ENSG00000277971	217.3	679.47	643.3	1249.33	709.18	1083.9	616.27	1171.12
ENSG00000278008	0.0	0.0	0.0	0.0	0.0	0.0	0.0	0.0
ENSG00000278044	0.0	0.0	0.0	0.0	0.0	0.0	0.0	0.0
ENSG00000278110	0.0	0.0	0.0	0.0	0.0	0.0	0.0	0.0
ENSG00000278188	0.0	0.0	0.0	0.0	0.0	0.0	0.0	0.0
ENSG00000278195	1267.19	1392.96	1269.19	1585.66	1762.65	1524.68	1416.58	1279.19
ENSG00000278196	0.0	0.0	0.0	0.0	0.0	0.0	0.0	0.0
ENSG00000278278	0.0	0.0	0.0	0.0	0.0	0.0	0.0	0.0
ENSG00000278292	0.0	0.0	0.0	0.0	0.0	0.0	0.0	0.0
ENSG00000278404	0.0	0.0	0.0	0.0	0.0	0.0	0.0	0.0
ENSG00000278420	0.0	0.0	0.0	0.0	0.0	0.0	0.0	0.0
ENSG00000278558	6761.95	4567.08	6042.08	6173.42	4819.65	7914.39	5235.74	5512.87
ENSG00000278655	0.0	0.0	0.0	0.0	0.0	0.0	0.0	0.0
ENSG00000278657	0.0	0.0	0.0	0.0	0.0	0.0	0.0	0.0
ENSG00000278667	0.0	0.0	0.0	0.0	0.0	0.0	0.0	0.0
ENSG00000278869	0.0	0.0	0.0	0.0	0.0	0.0	0.0	0.0
ENSG00000278881	0.0	0.0	0.0	0.0	0.0	0.0	0.0	0.0
ENSG00000278890	0.0	0.0	0.0	0.0	0.0	0.0	0.0	0.0
ENSG00000278920	0.0	0.0	0.0	0.0	0.0	0.0	0.0	0.0
ENSG00000278948	0.0	0.0	0.0	0.0	0.0	0.0	0.0	0.0
ENSG00000278960	0.0	0.0	0.0	0.0	0.0	0.0	0.0	0.0
ENSG00000279006	0.0	0.0	0.0	0.0	0.0	0.0	0.0	0.0
ENSG00000279080	0.0	0.0	0.0	0.0	0.47	0.0	0.0	0.0
ENSG00000279085	0.0	0.0	0.0	0.0	0.0	0.0	0.0	0.0
ENSG00000279110	0.0	0.0	0.0	0.0	0.0	0.0	0.0	0.0
ENSG00000279159	0.2	0.2	0.0	0.0	0.2	0.2	0.0	0.0
ENSG00000279175	0.0	0.0	0.0	0.0	0.0	0.0	0.0	0.0
ENSG00000279182	0.0	0.0	0.0	0.0	0.0	0.0	0.0	0.0
ENSG00000279217	0.0	0.0	0.0	0.0	0.0	0.0	0.0	0.0
ENSG00000279278	0.0	0.0	0.0	0.0	0.0	0.0	0.0	0.0
ENSG00000279298	0.0	0.0	0.0	0.0	0.0	0.0	0.0	0.0
ENSG00000279345	0.0	0.0	0.0	0.0	0.0	0.0	0.0	0.0
ENSG00000279440	0.0	0.0	0.0	0.0	0.0	0.0	0.0	0.0
ENSG00000279442	0.0	0.0	0.0	0.0	0.0	0.0	0.0	0.0
ENSG00000279467	0.0	0.0	0.0	0.0	0.0	0.0	0.0	0.0
ENSG00000279494	0.0	0.0	0.0	0.0	0.0	0.0	0.0	0.0
ENSG00000279548	0.0	0.0	0.0	0.0	0.0	0.0	0.0	0.0
ENSG00000279597	0.0	0.0	0.0	0.0	0.0	0.0	0.0	0.0
ENSG00000279642	0.0	0.0	0.0	0.0	0.0	0.0	0.0	0.0
ENSG00000279652	0.0	0.0	0.0	0.0	0.0	0.0	0.0	0.0
ENSG00000279699	0.0	0.0	0.0	0.0	0.0	0.0	0.0	0.0
ENSG00000279712	0.0	0.0	0.0	0.0	0.0	0.0	0.0	0.0
ENSG00000279714	0.0	0.0	0.0	0.0	0.0	0.0	0.0	0.0
ENSG00000279738	0.0	0.51	0.5	0.0	0.5	1.0	0.0	0.0
ENSG00000279805	0.0	0.0	0.0	0.0	0.0	0.0	0.0	0.0
ENSG00000279833	0.0	0.0	0.0	0.0	0.0	0.0	0.0	0.0
ENSG00000279848	0.0	0.0	0.0	0.0	0.0	0.0	0.0	0.0
ENSG00000279914	0.0	0.0	0.0	0.0	0.0	0.0	0.0	0.0
ENSG00000279920	0.0	0.0	0.0	0.0	0.0	0.0	0.0	0.0
ENSG00000279927	0.0	0.0	0.0	0.0	0.0	0.0	0.0	0.0
ENSG00000279933	0.0	0.0	0.0	0.0	0.0	0.0	0.0	0.0
ENSG00000279954	0.0	0.0	0.0	0.0	0.0	0.0	0.0	0.0
ENSG00000279973	0.0	0.0	0.0	0.0	0.0	0.0	0.0	0.0
ENSG00000279987	0.0	0.0	0.0	0.0	0.0	0.0	0.0	0.0
ENSG00000280007	0.49	0.0	0.0	0.49	0.0	0.0	0.49	0.49
ENSG00000280011	0.0	0.0	0.0	0.0	0.0	0.0	0.0	0.0
ENSG00000280025	0.0	0.0	0.0	0.0	0.0	0.0	0.0	0.0
ENSG00000280080	0.0	0.0	0.0	0.0	0.0	0.0	0.0	0.0
ENSG00000280199	0.0	0.0	0.0	0.0	0.0	0.0	0.0	0.0
ENSG00000280216	0.0	0.0	0.0	0.0	0.0	0.0	0.0	0.0
ENSG00000280224	0.0	0.0	0.0	0.0	0.0	0.0	0.0	0.0
ENSG00000280263	0.0	0.0	0.0	0.0	0.0	0.0	0.0	0.0
ENSG00000280312	0.0	0.0	0.0	0.0	0.0	0.0	0.0	0.0
ENSG00000280341	0.0	0.0	0.0	0.0	0.0	0.0	0.0	0.0
ENSG00000280356	0.0	0.0	0.0	0.0	0.0	0.0	0.0	0.0
ENSG00000280383	0.0	0.0	0.0	0.0	0.0	0.0	0.0	0.0
ENSG00000280384	0.0	0.0	0.0	0.0	0.0	0.0	0.0	0.0
ENSG00000280395	0.0	0.0	0.0	0.0	0.0	0.0	0.0	0.0
ENSG00000280418	0.0	0.0	0.0	0.0	0.0	0.0	0.0	0.0
ENSG00000280424	0.0	0.0	0.0	0.0	0.0	0.0	0.0	0.0
ENSG00000280434	0.0	0.0	0.0	0.0	0.0	0.0	0.0	0.0
ENSG00000280445	0.0	0.0	0.0	0.0	0.0	0.0	0.0	0.0
ENSG00000280623	0.0	0.0	0.0	0.0	0.0	0.0	0.0	0.0
ENSG00000280968	0.0	0.0	0.0	0.0	0.0	0.0	0.0	0.0
ENSG00000281295	0.0	0.0	0.0	0.0	0.0	0.0	0.0	0.0
ENSG00000281530	0.0	0.0	0.0	0.0	0.0	0.0	0.0	0.0
ENSG00000281538	0.0	0.0	0.0	0.0	0.0	0.0	0.0	0.0
ENSG00000281548	0.0	0.0	0.0	0.0	0.0	0.0	0.0	0.0
ENSG00000281732	0.0	0.0	0.0	0.0	0.0	0.0	0.0	0.0
ENSG00000282012	0.0	0.0	0.0	0.0	0.0	0.0	0.0	0.0
ENSG00000282041	0.0	0.0	0.0	0.0	0.0	0.0	0.0	0.0
ENSG00000282602	0.0	0.0	0.0	0.0	0.0	0.0	0.0	0.0
ENSG00000282816	0.0	0.0	0.0	0.0	0.0	0.0	0.0	0.0
ENSG00000283023	0.0	0.0	0.0	0.0	0.0	0.0	0.0	0.0
ENSG00000283047	0.0	0.0	0.0	0.0	0.0	0.0	0.0	0.0
ENSG00000283145	0.0	0.0	0.0	0.0	0.0	0.0	0.0	0.0
ENSG00000283225	0.0	0.0	0.0	0.0	0.0	0.0	0.0	0.0
ENSG00000283366	0.0	0.0	0.0	0.0	0.0	0.0	0.0	0.0
ENSG00000283438	0.0	0.0	0.0	0.0	0.0	0.0	0.0	0.0
ENSG00000283535	0.0	0.0	0.0	0.0	0.0	0.0	0.0	0.0
ENSG00000283583	0.0	0.0	0.0	0.0	0.0	0.0	0.0	0.0
ENSG00000283633	0.0	0.0	0.0	0.0	0.0	0.0	0.0	0.0
ENSG00000283809	0.0	0.0	0.0	0.0	0.0	0.0	0.0	0.0
ENSG00000283829	0.0	0.0	0.0	0.0	0.0	0.0	0.0	0.0
ENSG00000283871	0.0	0.0	0.0	0.0	0.0	0.0	0.0	0.0
ENSG00000283900	0.0	0.0	0.0	0.0	0.0	0.0	0.0	0.0
ENSG00000283972	0.0	0.0	0.0	0.0	0.0	0.0	0.0	0.0
ENSG00000283990	0.0	0.0	0.0	0.0	0.0	0.0	0.0	0.0
ENSG00000284015	0.0	0.0	0.0	0.0	0.0	0.0	0.0	0.0
ENSG00000284031	0.0	0.0	0.0	0.0	0.0	0.0	0.0	0.0
ENSG00000284049	0.0	0.0	0.0	0.0	0.0	0.0	0.0	0.0
ENSG00000284060	0.0	0.0	0.0	0.0	0.0	0.0	0.0	0.0
ENSG00000284070	0.0	0.0	0.0	0.0	0.0	0.0	0.0	0.0
ENSG00000284082	0.0	0.0	0.0	0.0	0.0	0.0	0.0	0.0
ENSG00000284128	0.0	0.0	0.0	0.0	0.0	0.0	0.0	0.0
ENSG00000284130	0.0	0.0	0.0	0.0	0.0	0.0	0.0	0.0
ENSG00000284140	0.0	0.0	0.0	0.0	0.0	0.0	0.0	0.0
ENSG00000284175	0.0	0.0	0.0	0.0	0.0	0.0	0.0	0.0
ENSG00000284194	1741.26	1892.3	2316.68	2104.98	2462.47	1775.04	2481.93	2119.44
ENSG00000284197	0.0	0.0	0.0	0.0	0.0	0.0	0.0	0.0
ENSG00000284233	0.0	0.0	0.0	0.0	0.0	0.0	0.0	0.0
ENSG00000284266	0.0	0.0	0.0	0.0	0.0	0.0	0.0	0.0
ENSG00000284289	0.0	0.0	0.0	0.0	0.0	0.0	0.0	0.0
ENSG00000284294	0.0	0.0	0.0	0.0	0.0	0.0	0.0	0.0
ENSG00000284431	0.0	2.96	0.0	0.0	0.0	0.0	0.0	0.0
ENSG00000284464	0.0	0.0	0.0	0.0	0.0	0.0	0.0	0.0
ENSG00000284520	0.0	0.0	0.0	0.0	0.0	0.0	0.0	0.0
ENSG00000284554	0.0	0.0	0.0	0.0	0.0	0.0	0.0	0.0
ENSG00000284621	0.0	0.0	0.0	0.0	0.0	0.0	0.0	0.0
ENSG00000284630	0.0	0.0	0.0	0.0	0.0	0.0	0.0	0.0
ENSG00000284633	0.0	0.0	0.0	0.0	0.0	0.0	0.0	0.0
ENSG00000284651	0.0	0.0	0.0	0.0	0.0	0.0	0.0	0.0
ENSG00000284654	0.0	0.0	0.0	0.0	0.0	0.0	0.0	0.0
ENSG00000284665	0.0	0.0	0.0	0.0	0.0	0.0	0.0	0.0
ENSG00000284874	0.0	0.0	0.0	0.0	0.0	0.0	0.0	0.0
ENSG00000285025	196428.22	158096.92	213037.31	209893.54	210223.34	222702.02	301137.61	243696.62
ENSG00000285045	0.0	0.0	0.0	0.0	0.0	0.0	0.0	0.0
ENSG00000285304	0.0	0.0	0.0	0.0	0.0	0.0	0.0	0.0
ENSG00000285314	0.0	0.0	0.0	0.0	0.0	0.0	0.0	0.0
ENSG00000285404	83.49	0.0	107.88	0.0	0.0	0.0	0.0	0.0
ENSG00000285531	0.0	0.0	0.0	0.0	0.0	0.0	0.0	0.0
ENSG00000285623	0.0	0.0	0.0	0.0	0.0	0.0	0.0	0.0
ENSG00000285690	0.0	0.0	0.0	0.0	0.0	0.0	0.0	0.0
ENSG00000285697	0.0	0.0	0.0	0.0	0.0	0.0	0.0	0.0
ENSG00000285707	0.0	0.0	0.0	0.0	0.0	0.0	0.0	0.0
ENSG00000285722	0.0	0.0	0.0	0.0	0.0	0.0	0.0	0.0
ENSG00000285762	0.0	0.0	0.0	0.0	0.0	0.0	0.0	0.0
ENSG00000285855	0.0	0.0	0.0	0.0	0.0	0.0	0.0	0.0
ENSG00000285968	0.0	0.0	0.0	0.0	0.0	0.0	0.0	0.0
ENSG00000286025	0.0	0.0	0.0	0.0	0.0	0.0	0.0	0.0
ENSG00000286070	4668.56	4436.7	5394.0	4184.03	5285.62	4525.57	5292.93	5475.48
ENSG00000286102	0.0	0.0	0.0	0.0	0.0	0.0	0.0	0.0
ENSG00000286127	0.0	0.0	0.0	0.0	0.0	0.0	0.0	0.0
ENSG00000286129	0.0	0.0	0.0	0.0	0.0	0.0	0.0	0.0
ENSG00000286144	0.0	0.0	0.0	0.0	0.0	0.0	0.0	0.0
ENSG00000286175	0.0	0.0	0.0	0.0	0.0	0.0	0.0	0.0
ENSG00000286195	0.0	0.0	0.0	0.0	0.0	0.0	0.0	0.0
ENSG00000286326	0.0	0.0	0.0	0.0	0.0	0.0	0.0	0.0
ENSG00000286365	0.0	0.0	0.0	0.0	0.0	0.0	0.0	0.0
ENSG00000286367	13.4	0.0	13.22	0.0	13.12	0.0	0.0	13.26
ENSG00000286381	0.0	0.0	0.0	0.0	0.0	0.0	0.0	0.0
ENSG00000286393	0.0	0.0	0.0	0.0	0.0	0.0	0.0	0.0
ENSG00000286406	0.0	0.0	0.0	0.0	0.0	0.0	0.0	0.0
ENSG00000286440	0.0	0.0	0.0	0.0	0.0	0.0	0.0	0.0
ENSG00000286485	0.0	0.0	0.0	0.0	0.0	0.0	0.0	0.0
ENSG00000286491	0.0	0.0	0.0	0.0	0.0	0.0	0.0	0.0
ENSG00000286508	0.0	0.0	0.0	0.0	0.0	0.0	0.0	0.0
ENSG00000286592	0.0	0.0	0.0	0.0	0.0	0.0	0.0	0.0
ENSG00000286659	0.0	0.0	0.0	0.0	0.0	0.0	0.0	0.0
ENSG00000286801	0.0	0.0	0.0	0.0	0.0	0.0	0.0	0.0
ENSG00000286941	0.0	0.0	0.0	0.0	0.0	0.0	0.0	0.0
ENSG00000286990	0.0	0.0	0.0	0.0	0.0	0.0	0.0	0.0
ENSG00000287034	0.0	0.0	0.0	0.0	0.0	0.0	0.0	0.0
ENSG00000287146	0.0	0.0	0.0	0.0	0.0	0.0	0.0	0.0
ENSG00000287219	0.0	0.0	0.0	0.0	0.0	0.0	0.0	0.0
ENSG00000287225	0.0	0.0	0.0	0.0	0.0	0.0	0.0	0.0
ENSG00000287236	0.0	0.0	0.0	0.0	0.0	0.0	0.0	0.0
ENSG00000287269	0.0	0.0	0.0	0.0	0.0	0.0	0.0	0.0
ENSG00000287285	0.0	0.0	0.0	0.0	0.0	0.0	0.0	0.0
ENSG00000287446	0.0	0.0	0.0	0.0	0.0	0.0	0.0	0.0
ENSG00000287652	0.0	0.0	0.0	0.0	0.0	0.0	0.0	0.0
ENSG00000287773	0.0	0.0	0.0	0.0	0.0	0.0	0.0	0.0
ENSG00000287817	0.0	0.0	0.0	0.0	0.0	0.0	0.0	0.0
ENSG00000287864	0.0	0.0	0.0	0.0	0.0	0.0	0.0	0.0
ENSG00000287967	0.0	0.0	0.0	0.0	0.0	0.0	0.0	0.0
ENSG00000288024	0.0	0.0	0.0	0.0	0.0	0.0	0.0	0.0
ENSG00000288106	0.0	0.0	0.0	0.0	0.0	0.0	0.0	0.0
ENSG00000288153	0.0	0.0	0.0	0.0	0.0	0.0	0.0	0.0
ENSG00000288262	0.0	0.0	0.0	0.0	0.0	0.0	0.0	0.0
