gene_id	sample_01	sample_02	sample_03	sample_04	sample_05	sample_06	sample_07	sample_08
ENSG00000008735	244	199	216	265	558	569	542	604
ENSG00000015475	28	44	38	82	46	72	59	35
ENSG00000025708	733	775	902	762	484	471	468	442
ENSG00000025770	0	0	0	0	0	0	0	0
ENSG00000040608	590	585	504	552	345	398	362	267
ENSG00000054611	725	687	617	724	730	692	698	741
ENSG00000056487	0	0	0	0	0	0	0	0
ENSG00000063515	0	0	0	0	0	0	0	0
ENSG00000069998	230	231	226	217	362	335	421	374
ENSG00000070010	124	116	119	107	175	189	143	182
ENSG00000070371	2237	2179	2029	2137	2036	2099	1859	1926
ENSG00000070413	144	218	316	158	215	179	194	243
ENSG00000073146	848	815	841	831	713	868	743	791
ENSG00000073150	1112	1037	1009	1031	718	817	779	706
ENSG00000073169	0	0	0	0	0	0	0	0
ENSG00000075218	605	608	635	589	474	458	423	469
ENSG00000075234	0	0	0	0	0	0	0	0
ENSG00000075240	256	306	247	318	255	350	321	351
ENSG00000075275	0	0	0	0	0	0	0	0
ENSG00000077935	659	690	680	643	773	746	774	690
ENSG00000077942	1164	1177	1194	1127	1133	1016	1047	1029
ENSG00000079974	387	392	380	366	346	369	358	377
ENSG00000093000	270	321	331	355	264	328	290	238
ENSG00000093009	434	463	529	500	528	527	491	517
ENSG00000093010	253	257	251	225	290	294	303	333
ENSG00000093072	320	468	462	374	441	438	519	373
ENSG00000093100	0	0	0	0	0	0	0	0
ENSG00000099889	0	0	0	0	0	0	0	0
ENSG00000099899	39	80	36	68	106	68	61	80
ENSG00000099901	207	186	203	190	159	149	186	154
ENSG00000099904	0	0	0	0	0	0	0	0
ENSG00000099910	0	0	0	0	0	0	0	0
ENSG00000099917	469	432	387	455	604	579	567	590
ENSG00000099937	0	0	0	0	0	0	0	0
ENSG00000099940	50	75	43	46	115	126	69	148
ENSG00000099942	216	233	246	207	189	187	190	129
ENSG00000099949	147	158	138	114	75	93	110	107
ENSG00000099953	0	0	0	0	0	0	0	0
ENSG00000099954	984	937	985	995	709	817	921	765
ENSG00000099956	689	664	679	722	508	499	457	503
ENSG00000099957	499	636	509	539	616	669	569	615
ENSG00000099958	146	128	169	215	139	100	139	136
ENSG00000099960	390	409	444	387	416	372	398	364
ENSG00000099968	174	211	177	204	207	185	145	191
ENSG00000099974	0	0	0	0	0	0	0	0
ENSG00000099977	0	0	0	0	0	0	0	0
ENSG00000099984	373	373	403	445	247	240	246	234
ENSG00000099985	133	105	111	122	151	125	150	151
ENSG00000099991	239	208	250	188	182	225	210	213
ENSG00000099992	90	75	147	85	89	101	112	113
ENSG00000099994	0	0	0	0	0	0	0	0
ENSG00000099995	159	203	213	145	447	505	524	453
ENSG00000099998	0	0	0	0	0	0	0	0
ENSG00000099999	266	266	294	277	340	270	367	361
ENSG00000100003	295	321	373	381	209	211	301	307
ENSG00000100012	134	109	117	87	233	171	202	216
ENSG00000100014	2146	2266	2131	2102	2134	2282	2360	2400
ENSG00000100023	17	28	24	17	38	21	19	10
ENSG00000100024	172	188	207	185	136	161	138	135
ENSG00000100027	0	0	0	0	0	0	0	0
ENSG00000100028	0	0	0	0	0	0	0	0
ENSG00000100029	853	889	790	839	755	776	791	849
ENSG00000100030	287	283	357	353	187	209	217	178
ENSG00000100031	193	115	256	221	141	173	234	138
ENSG00000100033	350	368	289	393	336	329	284	299
ENSG00000100034	148	157	155	127	297	292	249	292
ENSG00000100036	138	127	113	126	154	121	146	125
ENSG00000100038	250	208	223	187	203	184	180	177
ENSG00000100053	0	0	0	0	0	0	0	0
ENSG00000100055	0	0	0	0	0	0	0	0
ENSG00000100056	0	0	0	0	0	0	0	0
ENSG00000100058	0	0	0	0	0	0	0	0
ENSG00000100060	186	188	245	203	243	191	146	219
ENSG00000100065	778	728	803	692	666	561	567	610
ENSG00000100068	79	112	108	94	141	143	174	198
ENSG00000100075	247	274	249	246	193	218	189	170
ENSG00000100077	237	273	352	274	200	310	261	318
ENSG00000100078	510	510	557	462	307	293	297	275
ENSG00000100079	0	0	0	0	0	0	0	0
ENSG00000100083	209	213	184	200	168	183	175	175
ENSG00000100084	0	0	0	0	0	0	0	0
ENSG00000100092	543	481	623	549	403	376	385	413
ENSG00000100095	253	271	219	223	485	522	513	397
ENSG00000100097	124	134	168	123	157	133	159	146
ENSG00000100099	356	342	325	400	388	426	425	356
ENSG00000100100	333	301	207	253	268	248	215	286
ENSG00000100101	0	0	0	0	0	0	0	0
ENSG00000100104	0	0	0	0	0	0	0	0
ENSG00000100105	0	0	0	0	0	0	0	0
ENSG00000100106	464	475	383	487	580	587	621	528
ENSG00000100109	144	175	199	167	173	188	176	166
ENSG00000100116	392	410	487	343	562	563	567	529
ENSG00000100121	342	333	306	324	245	358	280	286
ENSG00000100122	0	0	0	0	0	0	0	0
ENSG00000100124	145	134	128	143	163	209	177	180
ENSG00000100129	959	1044	1111	1001	787	878	812	806
ENSG00000100138	68	40	90	68	99	135	107	144
ENSG00000100139	0	0	0	0	0	0	0	0
ENSG00000100142	261	192	307	191	278	331	276	247
ENSG00000100146	0	0	0	0	0	0	0	0
ENSG00000100147	72	71	104	68	85	75	105	46
ENSG00000100150	4054	4269	4122	4214	4841	4902	4737	4725
ENSG00000100151	0	0	0	0	0	0	0	0
ENSG00000100154	0	0	0	0	0	0	0	0
ENSG00000100156	0	0	0	0	0	0	0	0
ENSG00000100162	113	95	93	141	104	123	135	111
ENSG00000100167	261	208	263	199	215	194	218	240
ENSG00000100170	0	0	0	0	0	0	0	0
ENSG00000100181	0	0	0	0	0	0	0	0
ENSG00000100191	0	0	0	0	0	0	0	0
ENSG00000100196	0	0	0	0	0	0	0	0
ENSG00000100197	0	0	0	0	0	0	0	0
ENSG00000100201	0	0	0	0	0	0	0	0
ENSG00000100206	440	328	274	340	467	496	455	454
ENSG00000100207	0	0	0	0	0	0	0	0
ENSG00000100209	103	117	92	108	110	96	69	100
ENSG00000100211	0	0	0	0	0	0	0	0
ENSG00000100216	74	98	58	98	74	65	99	88
ENSG00000100218	175	157	202	186	169	143	190	150
ENSG00000100219	232	187	240	225	234	267	225	177
ENSG00000100220	0	0	0	0	0	0	0	0
ENSG00000100221	0	0	0	0	0	0	0	0
ENSG00000100225	0	0	0	0	0	0	0	0
ENSG00000100226	104	147	100	128	100	143	132	94
ENSG00000100227	176	237	203	183	289	261	307	208
ENSG00000100228	0	0	0	0	0	0	0	0
ENSG00000100234	0	0	0	0	0	0	0	0
ENSG00000100239	852	746	824	706	557	613	590	484
ENSG00000100241	961	945	1039	1059	1319	1284	1445	1287
ENSG00000100242	75	61	126	74	107	61	56	50
ENSG00000100243	84	97	84	58	196	202	200	203
ENSG00000100246	0	0	0	0	0	0	0	0
ENSG00000100249	0	0	0	0	0	0	0	0
ENSG00000100253	0	0	0	0	0	0	0	0
ENSG00000100258	0	0	0	0	0	0	0	0
ENSG00000100263	97	96	106	117	200	202	246	236
ENSG00000100266	160	155	137	182	148	174	221	227
ENSG00000100271	51	49	39	51	35	42	23	34
ENSG00000100276	98	38	76	56	108	71	30	107
ENSG00000100280	414	385	472	424	620	542	516	596
ENSG00000100281	0	0	0	0	0	0	0	0
ENSG00000100284	357	262	261	289	235	231	191	269
ENSG00000100285	0	0	0	0	0	0	0	0
ENSG00000100288	0	0	0	0	0	0	0	0
ENSG00000100290	0	0	0	0	0	0	0	0
ENSG00000100292	0	0	0	0	0	0	0	0
ENSG00000100294	154	148	165	132	100	106	86	111
ENSG00000100296	653	595	594	719	601	694	673	709
ENSG00000100297	153	104	157	162	212	183	236	254
ENSG00000100298	266	273	272	338	209	232	210	242
ENSG00000100299	51	24	51	60	45	48	26	25
ENSG00000100300	0	0	0	0	0	0	0	0
ENSG00000100302	184	187	226	233	166	156	187	152
ENSG00000100304	0	0	0	0	0	0	0	0
ENSG00000100307	0	0	0	0	0	0	0	0
ENSG00000100311	0	0	0	0	0	0	0	0
ENSG00000100312	0	0	0	0	0	0	0	0
ENSG00000100314	0	0	0	0	0	0	0	0
ENSG00000100316	203	222	150	200	296	274	313	322
ENSG00000100319	0	0	0	0	0	0	0	0
ENSG00000100320	0	0	0	0	0	0	0	0
ENSG00000100321	0	0	0	0	0	0	0	0
ENSG00000100324	0	0	0	0	0	0	0	0
ENSG00000100325	57	41	61	31	39	66	50	52
ENSG00000100330	1479	1455	1416	1487	1449	1462	1418	1530
ENSG00000100335	257	218	228	331	235	263	260	242
ENSG00000100336	503	511	577	496	447	437	426	422
ENSG00000100341	0	0	0	0	0	0	0	0
ENSG00000100342	480	467	554	474	688	596	683	574
ENSG00000100344	285	262	292	250	252	229	275	253
ENSG00000100345	199	161	133	179	150	126	135	139
ENSG00000100346	1410	1537	1572	1501	2658	2614	2559	2535
ENSG00000100347	0	0	0	0	0	0	0	0
ENSG00000100348	0	0	0	0	0	0	0	0
ENSG00000100350	576	530	570	549	413	379	438	394
ENSG00000100351	0	0	0	0	0	0	0	0
ENSG00000100353	100	74	52	89	55	74	73	75
ENSG00000100354	666	744	695	716	1234	1021	1152	1085
ENSG00000100359	65	53	58	52	55	51	45	76
ENSG00000100360	141	167	145	146	146	172	164	145
ENSG00000100362	131	83	79	119	65	53	91	50
ENSG00000100364	701	721	661	691	673	633	694	684
ENSG00000100365	0	0	0	0	0	0	0	0
ENSG00000100368	943	775	850	856	586	605	615	609
ENSG00000100372	108	116	143	102	108	157	100	154
ENSG00000100373	0	0	0	0	0	0	0	0
ENSG00000100376	296	246	341	307	220	237	230	197
ENSG00000100379	384	394	380	380	516	463	476	507
ENSG00000100380	197	215	278	293	197	219	200	243
ENSG00000100385	644	518	582	559	360	372	359	414
ENSG00000100387	0	0	0	0	0	0	0	0
ENSG00000100393	1700	1632	1551	1570	1466	1524	1460	1554
ENSG00000100395	206	253	227	229	156	168	206	150
ENSG00000100399	0	0	0	0	0	0	0	0
ENSG00000100401	24	19	21	45	28	29	14	29
ENSG00000100403	799	687	675	660	616	652	696	574
ENSG00000100410	0	0	0	0	0	0	0	0
ENSG00000100412	0	0	0	0	0	0	0	0
ENSG00000100413	150	163	147	167	172	184	150	227
ENSG00000100416	311	252	253	237	261	269	231	233
ENSG00000100417	0	0	0	0	0	0	0	0
ENSG00000100418	0	0	0	0	0	0	0	0
ENSG00000100422	0	0	0	0	0	0	0	0
ENSG00000100425	1271	1294	1282	1504	1275	1304	1302	1295
ENSG00000100426	0	0	0	0	0	0	0	0
ENSG00000100427	250	225	197	207	269	228	240	219
ENSG00000100429	106	63	60	96	104	142	131	92
ENSG00000128159	615	702	760	636	914	898	966	912
ENSG00000128165	101	91	129	116	61	118	101	96
ENSG00000128185	0	0	0	0	0	0	0	0
ENSG00000128191	325	279	230	283	542	417	392	507
ENSG00000128203	0	0	0	0	0	0	0	0
ENSG00000128218	62	112	78	71	56	69	70	58
ENSG00000128228	0	0	0	0	0	0	0	0
ENSG00000128242	430	431	474	516	335	298	339	337
ENSG00000128245	0	0	0	0	0	0	0	0
ENSG00000128250	0	0	0	0	0	0	0	0
ENSG00000128253	167	103	107	158	347	279	269	258
ENSG00000128254	0	0	0	0	0	0	0	0
ENSG00000128262	0	0	0	0	0	0	0	0
ENSG00000128266	0	0	0	0	0	0	0	0
ENSG00000128268	0	0	0	0	0	0	0	0
ENSG00000128271	0	0	0	0	0	0	0	0
ENSG00000128272	236	221	217	182	221	207	257	186
ENSG00000128274	0	0	0	0	0	0	0	0
ENSG00000128276	0	0	0	0	0	0	0	0
ENSG00000128283	0	0	0	0	0	0	0	0
ENSG00000128284	495	396	371	365	329	272	288	291
ENSG00000128285	0	0	0	0	0	0	0	0
ENSG00000128294	205	203	202	217	195	196	160	141
ENSG00000128298	388	389	424	379	276	300	347	333
ENSG00000128309	274	258	306	247	237	300	284	345
ENSG00000128310	275	315	282	304	176	295	230	241
ENSG00000128311	74	100	112	96	167	172	147	173
ENSG00000128313	0	0	0	0	0	0	0	0
ENSG00000128322	141	134	149	114	127	112	108	128
ENSG00000128335	414	435	378	383	357	288	398	372
ENSG00000128340	106	93	177	117	112	112	101	110
ENSG00000128342	0	0	0	0	0	0	0	0
ENSG00000128346	93	81	142	112	70	93	145	82
ENSG00000128383	212	186	268	230	232	214	265	211
ENSG00000128394	47	62	71	66	65	51	54	56
ENSG00000128408	190	206	183	195	263	266	189	279
ENSG00000130487	1186	1062	1037	1160	1006	1044	1257	1017
ENSG00000130538	0	0	0	0	0	0	0	0
ENSG00000130540	0	0	0	0	0	0	0	0
ENSG00000130638	0	0	0	0	0	0	0	0
ENSG00000130943	0	0	0	0	0	0	0	0
ENSG00000131100	75	112	97	101	105	117	92	110
ENSG00000133422	0	0	0	0	0	0	0	0
ENSG00000133424	602	543	469	539	541	465	424	500
ENSG00000133433	15	7	5	11	4	2	0	7
ENSG00000133454	3685	3633	3589	3729	3615	3572	3439	3444
ENSG00000133460	178	241	213	213	393	263	292	335
ENSG00000133466	0	0	0	0	0	0	0	0
ENSG00000133475	0	0	0	0	0	0	0	0
ENSG00000133477	0	0	0	0	0	0	0	0
ENSG00000133488	256	345	291	304	297	310	292	260
ENSG00000133519	0	0	0	0	0	0	0	0
ENSG00000138867	0	0	0	0	0	0	0	0
ENSG00000138892	511	553	481	481	426	450	472	480
ENSG00000138942	0	0	0	0	0	0	0	0
ENSG00000138944	0	0	0	0	0	0	0	0
ENSG00000138964	301	322	359	335	315	309	388	282
ENSG00000159307	191	209	206	207	218	217	189	227
ENSG00000159496	158	108	126	144	126	111	82	124
ENSG00000159873	444	394	410	412	306	381	331	371
ENSG00000159958	51	51	33	56	132	118	92	111
ENSG00000161103	0	0	0	0	0	0	0	0
ENSG00000161132	0	0	0	0	0	0	0	0
ENSG00000161133	281	351	342	299	406	367	310	366
ENSG00000161149	0	0	0	0	0	0	0	0
ENSG00000161179	81	125	97	80	228	167	219	196
ENSG00000161180	82	78	109	91	75	74	129	81
ENSG00000166862	205	193	179	191	233	232	202	247
ENSG00000166897	0	0	0	0	0	0	0	0
ENSG00000167037	0	0	0	0	0	0	0	0
ENSG00000167065	284	294	349	346	297	334	317	310
ENSG00000167074	0	0	0	0	0	0	0	0
ENSG00000167077	80	65	120	94	143	133	158	127
ENSG00000168135	0	0	0	0	0	0	0	0
ENSG00000169184	569	497	572	555	785	813	778	795
ENSG00000169314	0	0	0	0	0	0	0	0
ENSG00000169548	0	0	0	0	0	0	0	0
ENSG00000169575	0	0	0	0	0	0	0	0
ENSG00000169635	164	232	199	283	334	352	487	411
ENSG00000169662	0	0	0	0	0	0	0	0
ENSG00000169668	0	0	0	0	0	0	0	0
ENSG00000170638	75	91	96	61	226	197	186	233
ENSG00000172250	6	0	0	0	0	12	0	0
ENSG00000172346	0	0	0	0	0	0	0	0
ENSG00000172404	0	0	0	0	0	0	0	0
ENSG00000172912	0	0	0	0	0	0	0	0
ENSG00000172967	0	0	0	0	0	0	0	0
ENSG00000175329	207	252	173	167	160	137	172	190
ENSG00000176177	0	0	0	0	0	0	0	0
ENSG00000176635	77	80	71	76	41	63	52	43
ENSG00000177096	0	0	0	0	0	0	0	0
ENSG00000177663	0	0	0	0	0	0	0	0
ENSG00000177989	167	186	154	175	139	151	166	120
ENSG00000177993	0	0	0	0	0	0	0	0
ENSG00000178026	196	217	238	212	229	264	238	267
ENSG00000178248	0	0	0	0	0	0	0	0
ENSG00000178803	0	0	0	0	0	0	0	0
ENSG00000179750	459	436	369	375	249	304	327	239
ENSG00000180150	0	0	0	0	0	0	0	0
ENSG00000180957	124	125	188	162	304	318	386	372
ENSG00000181123	0	0	0	0	0	0	0	0
ENSG00000182057	0	0	0	0	0	0	0	0
ENSG00000182257	0	0	0	0	0	0	0	0
ENSG00000182351	0	0	0	0	0	0	0	0
ENSG00000182541	589	625	620	609	482	415	388	342
ENSG00000182824	0	0	0	0	0	0	0	0
ENSG00000182841	0	0	0	0	0	0	0	0
ENSG00000182858	108	131	132	79	142	117	115	109
ENSG00000182902	0	0	0	0	0	0	0	0
ENSG00000182944	1047	1000	945	880	968	968	853	816
ENSG00000183066	0	0	0	0	0	0	0	0
ENSG00000183169	0	0	0	0	0	0	0	0
ENSG00000183172	0	0	0	0	0	0	0	0
ENSG00000183246	0	0	0	0	0	0	0	0
ENSG00000183307	453	523	525	449	322	369	334	345
ENSG00000183506	0	1	0	0	0	0	0	0
ENSG00000183530	0	0	0	0	0	0	0	0
ENSG00000183569	61	84	98	75	114	64	56	78
ENSG00000183579	1273	1413	1363	1487	1008	1144	1070	1076
ENSG00000183597	343	198	308	283	278	332	332	313
ENSG00000183628	75	70	76	95	90	80	65	82
ENSG00000183741	0	0	0	0	0	0	0	0
ENSG00000183762	0	0	0	0	0	0	0	0
ENSG00000183765	539	402	566	475	690	754	642	692
ENSG00000183773	1154	1272	1287	1253	1193	1290	1064	1187
ENSG00000183785	206	285	212	166	219	197	268	222
ENSG00000183822	0	0	0	0	0	0	0	0
ENSG00000183864	0	0	0	0	0	0	0	0
ENSG00000183963	594	580	476	590	636	708	631	790
ENSG00000184058	221	200	210	151	213	209	214	190
ENSG00000184068	0	0	0	0	0	0	0	0
ENSG00000184076	0	0	0	0	0	0	0	0
ENSG00000184113	141	168	178	157	184	172	227	198
ENSG00000184117	309	320	308	331	320	264	260	358
ENSG00000184164	0	0	0	0	0	0	0	0
ENSG00000184208	0	0	0	0	0	0	0	0
ENSG00000184319	0	0	0	0	0	0	0	0
ENSG00000184381	2721	2846	2875	2961	2739	2710	2639	2509
ENSG00000184436	0	0	0	0	0	0	0	0
ENSG00000184459	267	266	362	264	275	365	359	322
ENSG00000184470	272	247	285	245	373	385	391	388
ENSG00000184571	390	425	464	429	467	470	486	430
ENSG00000184624	0	0	0	0	0	0	0	0
ENSG00000184702	303	363	360	300	220	162	202	178
ENSG00000184708	0	0	0	0	0	0	0	0
ENSG00000184792	1599	1414	1419	1475	1241	1370	1302	1162
ENSG00000184949	0	0	0	0	0	0	0	0
ENSG00000184979	0	1	1	0	0	1	0	0
ENSG00000184983	180	171	168	203	181	159	184	150
ENSG00000185022	199	238	183	197	250	224	231	205
ENSG00000185065	0	0	0	0	0	0	0	0
ENSG00000185133	415	444	363	387	379	298	347	434
ENSG00000185252	7	10	11	33	60	68	38	46
ENSG00000185264	322	378	354	324	348	265	321	272
ENSG00000185339	737	669	770	697	819	736	742	707
ENSG00000185340	0	0	0	0	0	0	0	0
ENSG00000185386	285	275	279	254	334	303	309	342
ENSG00000185608	0	0	0	0	0	0	0	0
ENSG00000185651	88	98	104	118	57	72	49	80
ENSG00000185666	416	436	428	572	698	543	675	606
ENSG00000185686	52	64	79	48	281	283	297	378
ENSG00000185721	187	175	148	151	212	173	185	192
ENSG00000185837	0	0	0	0	0	0	0	0
ENSG00000185838	123	134	117	105	107	126	119	148
ENSG00000186575	61	55	101	98	418	304	324	321
ENSG00000186654	868	695	800	737	1019	943	943	934
ENSG00000186716	799	746	819	834	764	819	779	698
ENSG00000186732	347	346	280	381	456	525	421	378
ENSG00000186951	410	442	399	416	344	362	355	349
ENSG00000186976	0	0	0	0	0	0	0	0
ENSG00000186998	0	0	0	0	0	0	0	0
ENSG00000187012	0	0	0	0	0	0	0	0
ENSG00000187045	0	0	0	0	0	0	0	0
ENSG00000187051	0	0	0	0	0	0	0	0
ENSG00000187792	0	0	0	0	0	0	0	0
ENSG00000187860	477	462	486	452	484	438	423	439
ENSG00000187905	0	0	0	0	0	0	0	0
ENSG00000187979	0	0	0	0	0	0	0	0
ENSG00000188064	207	235	161	180	204	202	164	204
ENSG00000188078	0	0	0	0	0	0	0	0
ENSG00000188130	144	107	141	151	195	213	160	183
ENSG00000188263	0	0	0	0	0	0	0	0
ENSG00000188280	0	0	0	0	0	0	0	0
ENSG00000188511	0	0	0	0	0	0	0	0
ENSG00000188636	65	101	157	152	115	170	132	131
ENSG00000188677	578	551	569	627	597	542	517	595
ENSG00000189060	0	0	0	0	0	0	0	0
ENSG00000189269	0	0	0	0	0	0	0	0
ENSG00000189295	0	0	0	0	0	0	0	0
ENSG00000189306	0	0	0	0	0	0	0	0
ENSG00000196236	0	0	0	0	0	0	0	0
ENSG00000196419	0	0	0	0	0	0	0	0
ENSG00000196431	0	0	0	0	0	0	0	0
ENSG00000196576	185	193	170	145	129	121	127	155
ENSG00000196588	2254	2175	2322	2313	1697	1742	1630	1587
ENSG00000197077	1241	1227	1260	1166	910	1126	1101	1120
ENSG00000197182	0	0	0	0	0	0	0	0
ENSG00000197210	0	0	0	0	0	0	0	0
ENSG00000197421	13	12	15	7	13	9	18	4
ENSG00000197549	0	0	0	0	0	0	0	0
ENSG00000198062	255	246	273	235	299	278	334	228
ENSG00000198089	1384	1580	1510	1430	1721	1639	1703	1550
ENSG00000198125	445	434	428	442	431	438	364	408
ENSG00000198355	0	0	0	0	0	0	0	0
ENSG00000198445	0	0	0	0	0	0	0	0
ENSG00000198792	0	0	0	0	0	0	0	0
ENSG00000198832	0	0	0	0	0	0	0	0
ENSG00000198911	0	0	0	0	0	0	0	0
ENSG00000198951	337	300	294	299	226	298	305	241
ENSG00000199248	0	0	0	0	0	0	0	0
ENSG00000199515	0	0	0	0	0	0	0	0
ENSG00000199695	0	0	0	0	0	0	0	0
ENSG00000199783	0	0	0	0	0	0	0	0
ENSG00000199797	0	0	0	0	0	0	0	0
ENSG00000199865	0	0	0	0	0	0	0	0
ENSG00000200057	0	0	0	0	0	0	0	0
ENSG00000200332	0	0	0	0	0	0	0	0
ENSG00000200443	0	0	0	0	0	0	0	0
ENSG00000200448	0	0	0	0	0	0	0	0
ENSG00000200683	0	0	0	0	0	0	0	0
ENSG00000200871	0	0	0	0	0	0	0	0
ENSG00000200976	0	0	0	0	0	0	0	0
ENSG00000200985	0	0	0	0	0	0	0	0
ENSG00000201078	0	0	0	0	0	0	0	0
ENSG00000201209	0	0	0	0	0	0	0	0
ENSG00000201916	0	0	0	0	0	0	0	0
ENSG00000202019	0	0	0	0	0	0	0	0
ENSG00000202058	0	0	0	0	0	0	0	0
ENSG00000203280	0	0	0	0	0	0	0	0
ENSG00000203416	0	0	0	0	0	0	0	0
ENSG00000203527	0	0	0	0	0	0	0	0
ENSG00000203618	0	0	0	0	0	0	0	0
ENSG00000205559	0	0	0	0	0	0	0	0
ENSG00000205560	233	245	305	273	461	434	388	496
ENSG00000205593	0	0	0	0	0	0	0	0
ENSG00000205632	0	0	0	0	0	0	0	0
ENSG00000205634	0	0	0	0	0	0	0	0
ENSG00000205643	215	161	194	182	163	130	140	141
ENSG00000205702	823	860	857	850	770	741	701	795
ENSG00000205704	45	53	58	71	17	59	26	31
ENSG00000205853	0	0	0	0	0	0	0	0
ENSG00000205856	127	129	144	107	143	157	150	143
ENSG00000206028	0	0	0	0	0	0	0	0
ENSG00000206066	0	0	0	0	0	0	0	0
ENSG00000206069	0	0	0	0	0	0	0	0
ENSG00000206090	0	0	0	0	0	0	0	0
ENSG00000206140	88	90	60	36	68	119	85	95
ENSG00000206142	0	0	0	0	0	0	0	0
ENSG00000206145	0	0	0	1	0	0	0	0
ENSG00000206195	0	0	0	0	0	0	0	0
ENSG00000206203	0	0	0	0	0	0	0	0
ENSG00000206615	0	0	0	0	0	0	0	0
ENSG00000206739	0	0	0	0	0	0	0	0
ENSG00000206813	0	0	0	0	0	0	0	0
ENSG00000206841	0	0	0	0	0	0	0	0
ENSG00000207227	0	0	0	0	0	0	0	0
ENSG00000207343	0	0	0	0	0	0	0	0
ENSG00000207455	0	0	0	0	0	0	0	0
ENSG00000207457	0	0	0	0	0	0	0	0
ENSG00000207575	0	0	0	0	0	0	0	0
ENSG00000207696	0	0	0	0	0	0	0	0
ENSG00000207751	0	0	0	0	0	0	0	0
ENSG00000207780	0	0	0	0	0	0	0	0
ENSG00000207932	0	0	0	0	0	0	0	0
ENSG00000208023	0	0	0	0	0	0	0	0
ENSG00000209480	0	0	0	0	0	0	0	0
ENSG00000209482	0	0	0	0	0	0	0	0
ENSG00000211637	0	0	0	0	0	0	0	0
ENSG00000211638	0	0	0	0	0	0	0	0
ENSG00000211639	78	91	121	100	90	81	91	54
ENSG00000211640	0	0	0	0	0	0	0	0
ENSG00000211641	0	0	0	0	0	0	0	0
ENSG00000211642	0	0	0	0	0	0	0	0
ENSG00000211643	0	0	0	0	0	0	0	0
ENSG00000211644	0	0	0	0	0	0	0	0
ENSG00000211645	0	0	0	0	0	0	0	0
ENSG00000211647	0	0	0	0	0	0	0	0
ENSG00000211648	0	0	0	0	0	0	0	0
ENSG00000211649	0	0	0	0	0	0	0	0
ENSG00000211650	0	0	0	0	0	0	0	0
ENSG00000211651	0	0	0	0	0	0	0	0
ENSG00000211652	0	0	0	0	0	0	0	0
ENSG00000211653	0	0	0	0	0	0	0	0
ENSG00000211654	0	0	0	0	0	0	0	0
ENSG00000211655	65	97	74	92	96	91	80	58
ENSG00000211656	0	0	0	0	0	0	0	0
ENSG00000211657	0	0	0	0	0	0	0	0
ENSG00000211658	0	0	0	0	0	0	0	0
ENSG00000211659	38	63	49	37	57	51	62	99
ENSG00000211660	0	0	0	0	0	0	0	0
ENSG00000211661	0	0	0	0	0	0	0	0
ENSG00000211662	0	0	0	0	0	0	0	0
ENSG00000211663	108	84	130	86	69	56	66	39
ENSG00000211664	0	0	0	0	0	0	0	0
ENSG00000211665	0	0	0	0	0	0	0	0
ENSG00000211666	0	0	0	0	0	0	0	0
ENSG00000211667	0	0	0	0	0	0	0	0
ENSG00000211668	0	0	0	0	0	0	0	0
ENSG00000211669	70	59	65	71	68	65	54	65
ENSG00000211670	0	0	0	0	0	0	0	0
ENSG00000211672	0	0	0	0	0	0	0	0
ENSG00000211673	0	0	0	0	0	0	0	0
ENSG00000211674	0	0	0	0	0	0	0	0
ENSG00000211675	0	0	0	0	0	0	0	0
ENSG00000211676	0	0	0	0	0	0	0	0
ENSG00000211677	88	96	103	108	65	54	84	72
ENSG00000211678	0	0	0	0	0	0	0	0
ENSG00000211679	0	0	0	0	0	0	0	0
ENSG00000211680	0	0	0	0	0	0	0	0
ENSG00000211681	1	2	1	10	2	1	1	1
ENSG00000211682	6	2	1	3	2	1	0	3
ENSG00000211683	0	0	0	0	0	0	0	0
ENSG00000211684	0	0	0	0	0	0	0	0
ENSG00000211685	46	64	68	87	66	96	77	45
ENSG00000212102	0	0	0	0	0	0	0	0
ENSG00000212216	0	0	0	0	0	0	0	0
ENSG00000212542	0	0	0	0	0	0	0	0
ENSG00000212569	0	0	0	0	0	0	0	0
ENSG00000212939	0	0	0	0	0	0	0	0
ENSG00000213279	0	0	0	0	0	0	0	0
ENSG00000213683	0	0	0	0	0	0	0	0
ENSG00000213707	0	0	0	0	0	0	0	0
ENSG00000213727	0	0	0	0	0	0	0	0
ENSG00000213752	0	0	0	0	0	0	0	0
ENSG00000213790	0	0	0	0	0	0	0	0
ENSG00000213857	0	0	0	0	0	0	0	0
ENSG00000213888	0	0	0	0	0	0	0	0
ENSG00000213923	464	413	566	479	282	334	271	338
ENSG00000214076	0	0	0	0	0	0	0	0
ENSG00000214093	0	0	0	0	0	0	0	0
ENSG00000214125	0	0	0	0	0	0	0	0
ENSG00000214161	0	0	0	0	0	0	0	0
ENSG00000214491	0	0	0	0	0	0	0	0
ENSG00000214526	0	0	0	0	0	0	0	0
ENSG00000214727	0	0	0	0	0	0	0	0
ENSG00000215012	104	140	167	167	179	157	196	222
ENSG00000215193	190	144	152	148	205	231	238	240
ENSG00000215268	0	0	0	0	0	0	0	0
ENSG00000215270	0	0	0	0	0	0	0	0
ENSG00000215333	0	0	0	0	0	0	0	0
ENSG00000215347	0	0	0	0	0	0	0	0
ENSG00000215403	0	0	0	0	0	0	0	0
ENSG00000215456	0	0	0	0	0	0	0	0
ENSG00000215464	0	0	0	0	0	0	0	0
ENSG00000215478	0	0	0	0	0	0	0	0
ENSG00000215481	0	0	0	0	0	0	0	0
ENSG00000215493	0	0	0	0	0	0	0	0
ENSG00000215498	0	0	0	0	0	0	0	0
ENSG00000215544	0	0	0	0	0	0	0	0
ENSG00000215568	0	0	0	0	0	0	0	0
ENSG00000215771	0	0	0	0	0	0	0	0
ENSG00000217261	0	0	0	0	0	0	0	0
ENSG00000217442	109	122	131	147	97	139	102	103
ENSG00000218357	0	0	0	0	0	0	0	0
ENSG00000218537	0	0	0	0	0	0	0	0
ENSG00000219438	0	0	0	0	0	0	0	0
ENSG00000220248	0	0	0	0	0	0	0	0
ENSG00000220702	0	0	0	0	0	0	0	0
ENSG00000220891	0	0	0	0	0	0	0	0
ENSG00000221039	0	0	0	0	0	0	0	0
ENSG00000221598	0	0	0	0	0	0	0	0
ENSG00000221760	0	0	0	0	0	0	0	0
ENSG00000221890	422	365	369	338	320	259	300	357
ENSG00000221963	0	0	0	0	0	0	0	0
ENSG00000222037	0	0	0	0	0	0	0	0
ENSG00000222044	0	0	0	0	0	0	0	0
ENSG00000222352	0	0	0	0	0	0	0	0
ENSG00000222585	0	0	0	0	0	0	0	0
ENSG00000222630	0	0	0	0	0	0	0	0
ENSG00000222698	0	0	0	0	0	0	0	0
ENSG00000222915	0	0	0	0	0	0	0	0
ENSG00000223056	0	0	0	0	0	0	0	0
ENSG00000223142	0	0	0	0	0	0	0	0
ENSG00000223350	0	0	0	0	0	0	0	0
ENSG00000223461	0	0	0	0	0	0	0	0
ENSG00000223553	0	0	0	0	0	0	0	0
ENSG00000223679	0	0	0	0	0	0	0	0
ENSG00000223695	0	0	0	0	0	0	0	0
ENSG00000223704	0	0	0	0	0	0	0	0
ENSG00000223726	0	0	0	0	0	0	0	0
ENSG00000223730	0	0	0	0	0	0	0	0
ENSG00000223831	0	0	0	0	0	0	0	0
ENSG00000223843	0	0	0	0	0	0	0	0
ENSG00000223875	0	0	0	0	0	0	0	0
ENSG00000223999	0	0	0	0	0	0	0	0
ENSG00000224003	0	0	0	0	0	0	0	0
ENSG00000224027	0	0	0	0	0	0	0	0
ENSG00000224086	0	0	0	0	0	0	0	0
ENSG00000224124	0	0	0	0	0	0	0	0
ENSG00000224144	0	0	0	0	0	0	0	0
ENSG00000224192	0	0	0	0	0	0	0	0
ENSG00000224205	0	0	0	0	0	0	0	0
ENSG00000224256	0	0	0	0	0	0	0	0
ENSG00000224271	0	0	0	0	0	0	0	0
ENSG00000224277	0	0	0	0	0	0	0	0
ENSG00000224279	0	0	0	0	0	0	0	0
ENSG00000224334	0	0	0	0	0	0	0	0
ENSG00000224404	0	0	0	0	0	0	0	0
ENSG00000224435	0	0	0	0	0	0	0	0
ENSG00000224465	0	0	0	0	0	0	0	0
ENSG00000224688	0	0	0	0	0	0	0	0
ENSG00000224715	0	0	0	0	0	0	0	0
ENSG00000224794	0	0	0	0	0	0	0	0
ENSG00000224806	0	0	0	0	0	0	0	0
ENSG00000224856	0	0	0	0	0	0	0	0
ENSG00000224883	0	0	0	0	0	0	0	0
ENSG00000224973	0	0	0	0	0	0	0	0
ENSG00000225007	0	0	0	0	0	0	0	0
ENSG00000225098	0	0	0	0	0	0	0	0
ENSG00000225225	0	0	0	0	0	0	0	0
ENSG00000225255	0	0	0	0	0	0	0	0
ENSG00000225282	0	0	0	0	0	0	0	0
ENSG00000225293	0	0	0	0	0	0	0	0
ENSG00000225335	0	0	0	0	0	0	0	0
ENSG00000225413	0	0	0	0	0	0	0	0
ENSG00000225450	0	0	0	0	0	0	0	0
ENSG00000225465	0	0	0	0	0	0	0	0
ENSG00000225480	0	0	0	0	0	0	0	0
ENSG00000225528	0	0	0	0	0	0	0	0
ENSG00000225544	0	0	0	0	0	0	0	0
ENSG00000225557	0	0	0	0	0	0	0	0
ENSG00000225676	0	0	0	0	0	0	0	0
ENSG00000225720	0	0	0	0	0	0	0	0
ENSG00000225724	0	0	0	0	0	0	0	0
ENSG00000225741	0	0	0	0	0	0	0	0
ENSG00000225774	0	0	0	0	0	0	0	0
ENSG00000225783	0	0	0	0	0	0	0	0
ENSG00000225867	0	0	0	0	0	0	0	0
ENSG00000225929	0	0	0	0	0	0	0	0
ENSG00000225971	0	0	0	0	0	0	0	0
ENSG00000226024	0	0	0	0	0	0	0	0
ENSG00000226085	0	0	0	0	0	0	0	0
ENSG00000226142	0	0	0	0	0	0	0	0
ENSG00000226160	0	0	0	0	0	0	0	0
ENSG00000226169	0	0	0	0	0	0	0	0
ENSG00000226233	0	0	0	0	0	0	0	0
ENSG00000226287	0	0	0	0	0	0	0	0
ENSG00000226328	0	0	0	0	0	0	0	0
ENSG00000226336	0	0	0	0	0	0	0	0
ENSG00000226420	0	0	0	0	0	0	0	0
ENSG00000226444	0	0	0	0	0	0	0	0
ENSG00000226450	0	0	0	0	0	0	0	0
ENSG00000226471	0	0	0	0	0	0	0	0
ENSG00000226474	0	0	0	0	0	0	0	0
ENSG00000226477	0	0	0	0	0	0	0	0
ENSG00000226534	0	0	0	0	0	0	0	0
ENSG00000226573	0	0	0	0	0	0	0	0
ENSG00000226595	0	0	0	0	0	0	0	0
ENSG00000226741	0	0	0	0	0	0	0	0
ENSG00000226772	0	0	0	0	0	0	0	0
ENSG00000226872	0	0	0	0	0	0	0	0
ENSG00000226885	0	0	0	0	0	0	0	0
ENSG00000226912	0	0	0	0	0	0	0	0
ENSG00000226954	0	0	0	0	0	0	0	0
ENSG00000226989	0	0	0	0	0	0	0	0
ENSG00000227009	0	0	0	0	0	0	0	0
ENSG00000227117	0	0	0	0	0	0	0	0
ENSG00000227188	0	0	0	0	0	0	0	0
ENSG00000227201	0	0	0	0	0	0	0	0
ENSG00000227367	0	0	0	0	0	0	0	0
ENSG00000227370	0	0	0	0	0	0	0	0
ENSG00000227413	0	0	0	0	0	0	0	0
ENSG00000227484	0	0	0	0	0	0	0	0
ENSG00000227519	0	0	0	0	0	0	0	0
ENSG00000227710	0	0	0	0	0	0	0	0
ENSG00000227755	0	0	0	0	0	0	0	0
ENSG00000227813	0	0	0	0	0	0	0	0
ENSG00000227838	0	0	0	0	0	0	0	0
ENSG00000227880	0	0	0	0	0	0	0	0
ENSG00000228039	0	0	0	0	0	0	0	0
ENSG00000228045	0	0	0	0	0	0	0	0
ENSG00000228050	0	0	0	0	0	0	0	0
ENSG00000228122	0	0	0	0	0	0	0	0
ENSG00000228161	0	0	0	0	0	0	0	0
ENSG00000228194	0	0	0	0	0	0	0	0
ENSG00000228274	0	0	0	0	0	0	0	0
ENSG00000228315	0	0	0	0	0	0	0	0
ENSG00000228587	0	0	0	0	0	0	0	0
ENSG00000228599	0	0	0	0	0	0	0	0
ENSG00000228620	0	0	0	0	0	0	0	0
ENSG00000228622	0	0	0	0	0	0	0	0
ENSG00000228719	0	0	0	0	0	0	0	0
ENSG00000228807	0	0	0	0	0	0	0	0
ENSG00000228839	0	0	0	0	0	0	0	0
ENSG00000228923	0	0	0	0	0	0	0	0
ENSG00000229027	0	0	0	0	0	0	0	0
ENSG00000229088	0	0	0	0	0	0	0	0
ENSG00000229107	0	0	0	0	0	0	0	0
ENSG00000229169	0	0	0	0	0	0	0	0
ENSG00000229266	0	0	0	0	0	0	0	0
ENSG00000229275	0	0	0	0	0	0	0	0
ENSG00000229286	0	0	0	0	0	0	0	0
ENSG00000229409	0	0	0	0	0	0	0	0
ENSG00000229492	0	0	0	0	0	0	0	0
ENSG00000229598	0	0	0	0	0	0	0	0
ENSG00000229608	0	0	0	0	0	0	0	0
ENSG00000229658	0	0	0	0	0	0	0	0
ENSG00000229673	0	0	0	0	0	0	0	0
ENSG00000229770	0	0	0	0	0	0	0	0
ENSG00000229891	0	0	0	0	0	0	0	0
ENSG00000229955	0	0	0	0	0	0	0	0
ENSG00000229971	0	0	0	0	0	0	0	0
ENSG00000229999	0	0	0	0	0	0	0	0
ENSG00000230051	0	0	0	0	0	0	0	0
ENSG00000230071	0	0	0	0	0	0	0	0
ENSG00000230107	0	0	0	0	0	0	0	0
ENSG00000230120	0	0	0	0	0	0	0	0
ENSG00000230137	0	0	0	0	0	0	0	0
ENSG00000230149	0	0	0	0	0	0	0	0
ENSG00000230194	0	0	0	0	0	0	0	0
ENSG00000230203	0	0	0	0	0	0	0	0
ENSG00000230319	0	0	0	0	0	0	0	0
ENSG00000230471	0	0	0	0	0	0	0	0
ENSG00000230481	0	0	0	0	0	0	0	0
ENSG00000230485	0	0	0	0	0	0	0	0
ENSG00000230513	0	0	0	0	0	0	0	0
ENSG00000230634	0	0	0	0	0	0	0	0
ENSG00000230637	0	0	0	0	0	0	0	0
ENSG00000230643	0	0	0	0	0	0	0	0
ENSG00000230701	0	0	0	0	0	0	0	0
ENSG00000230712	0	0	0	0	0	0	0	0
ENSG00000230736	0	0	0	0	0	0	0	0
ENSG00000230741	0	0	0	0	0	0	0	0
ENSG00000230769	0	0	0	0	0	0	0	0
ENSG00000230821	0	0	0	0	0	0	0	0
ENSG00000230866	0	0	0	0	0	0	0	0
ENSG00000230912	0	0	0	0	0	0	0	0
ENSG00000230922	0	0	0	0	0	0	0	0
ENSG00000230947	0	0	0	0	0	0	0	0
ENSG00000231004	0	0	0	0	0	0	0	0
ENSG00000231010	0	0	0	0	0	0	0	0
ENSG00000231086	0	0	0	0	0	0	0	0
ENSG00000231253	0	0	0	0	0	0	0	0
ENSG00000231261	0	0	0	0	0	0	0	0
ENSG00000231271	0	0	0	0	0	0	0	0
ENSG00000231369	0	0	0	0	0	0	0	0
ENSG00000231392	0	0	0	0	0	0	0	0
ENSG00000231405	0	0	0	0	0	0	0	0
ENSG00000231466	0	0	0	0	0	0	0	0
ENSG00000231467	0	0	0	0	0	0	0	0
ENSG00000231495	0	0	0	0	0	0	0	0
ENSG00000231565	0	0	0	0	0	0	0	0
ENSG00000231576	0	0	0	0	0	0	0	0
ENSG00000231711	0	0	0	0	0	0	0	0
ENSG00000231801	0	0	0	0	0	0	0	0
ENSG00000231907	0	0	0	0	0	0	0	0
ENSG00000231933	0	0	0	0	0	0	0	0
ENSG00000231993	0	0	0	0	0	0	0	0
ENSG00000232050	0	0	0	0	0	0	0	0
ENSG00000232073	0	0	0	0	0	0	0	0
ENSG00000232081	0	0	0	0	0	0	0	0
ENSG00000232218	0	0	0	0	0	0	0	0
ENSG00000232254	0	0	0	0	0	0	0	0
ENSG00000232305	0	0	0	0	0	0	0	0
ENSG00000232346	0	0	0	0	0	0	0	0
ENSG00000232350	0	0	0	0	0	0	0	0
ENSG00000232363	0	0	0	0	0	0	0	0
ENSG00000232396	0	0	0	0	0	0	0	0
ENSG00000232464	0	0	0	0	0	0	0	0
ENSG00000232515	0	0	0	0	0	0	0	0
ENSG00000232530	0	0	0	0	0	0	0	0
ENSG00000232545	0	0	0	0	0	0	0	0
ENSG00000232564	0	0	0	0	0	0	0	0
ENSG00000232603	0	0	0	0	0	0	0	0
ENSG00000232655	0	0	0	0	0	0	0	0
ENSG00000232707	0	0	0	0	0	0	0	0
ENSG00000232710	0	0	0	0	0	0	0	0
ENSG00000232754	0	0	0	0	0	0	0	0
ENSG00000232771	0	0	0	0	0	0	0	0
ENSG00000232775	0	0	0	0	0	0	0	0
ENSG00000232897	0	0	0	0	0	0	0	0
ENSG00000232926	0	0	0	0	0	0	0	0
ENSG00000233010	0	0	0	0	0	0	0	0
ENSG00000233080	0	0	0	0	0	0	0	0
ENSG00000233157	0	0	0	0	0	0	0	0
ENSG00000233179	0	0	0	0	0	0	0	0
ENSG00000233360	0	0	0	0	0	0	0	0
ENSG00000233388	0	0	0	0	0	0	0	0
ENSG00000233408	0	0	0	0	0	0	0	0
ENSG00000233471	0	0	0	0	0	0	0	0
ENSG00000233521	0	0	0	0	0	0	0	0
ENSG00000233574	0	0	0	0	0	0	0	0
ENSG00000233577	0	0	0	0	0	0	0	0
ENSG00000233603	0	0	0	0	0	0	0	0
ENSG00000233632	0	0	0	0	0	0	0	0
ENSG00000233720	0	0	0	0	0	0	0	0
ENSG00000233733	0	0	0	0	0	0	0	0
ENSG00000233739	0	0	0	0	0	0	0	0
ENSG00000233764	0	0	0	0	0	0	0	0
ENSG00000233866	0	0	0	0	0	0	0	0
ENSG00000233995	0	0	0	0	0	0	0	0
ENSG00000234009	0	0	0	0	0	0	0	0
ENSG00000234121	0	0	0	0	0	0	0	0
ENSG00000234208	0	0	0	0	0	0	0	0
ENSG00000234300	0	0	0	0	0	0	0	0
ENSG00000234353	0	0	0	0	0	0	0	0
ENSG00000234381	0	0	0	0	0	0	0	0
ENSG00000234409	0	0	0	0	0	0	0	0
ENSG00000234479	0	0	0	0	0	0	0	0
ENSG00000234503	0	0	0	0	0	0	0	0
ENSG00000234626	0	0	0	0	0	0	0	0
ENSG00000234630	0	0	0	0	0	0	0	0
ENSG00000234688	0	0	0	0	0	0	0	0
ENSG00000234726	0	0	0	0	0	0	0	0
ENSG00000234735	0	0	0	0	0	0	0	0
ENSG00000234764	0	0	0	0	0	0	0	0
ENSG00000234869	0	0	0	0	0	0	0	0
ENSG00000234884	0	0	0	0	0	0	0	0
ENSG00000234891	0	0	0	0	0	0	0	0
ENSG00000234892	0	0	0	0	0	0	0	0
ENSG00000234913	0	0	0	0	0	0	0	0
ENSG00000234928	0	0	0	0	0	0	0	0
ENSG00000234965	0	0	0	0	0	0	0	0
ENSG00000234979	0	0	0	0	0	0	0	0
ENSG00000235062	0	0	0	0	0	0	0	0
ENSG00000235091	0	0	0	0	0	0	0	0
ENSG00000235111	0	0	0	0	0	0	0	0
ENSG00000235154	0	0	0	0	0	0	0	0
ENSG00000235159	0	0	0	0	0	0	0	0
ENSG00000235209	0	0	0	0	0	0	0	0
ENSG00000235237	0	0	0	0	0	0	0	0
ENSG00000235246	0	0	0	0	0	0	0	0
ENSG00000235271	0	0	0	0	0	0	0	0
ENSG00000235295	0	0	0	0	0	0	0	0
ENSG00000235328	0	0	0	0	0	0	0	0
ENSG00000235343	0	0	0	0	0	0	0	0
ENSG00000235347	0	0	0	0	0	0	0	0
ENSG00000235445	0	0	0	0	0	0	0	0
ENSG00000235478	0	0	0	0	0	0	0	0
ENSG00000235485	0	0	0	0	0	0	0	0
ENSG00000235513	0	0	0	0	0	0	0	0
ENSG00000235568	0	0	0	0	0	0	0	0
ENSG00000235573	0	0	0	0	0	0	0	0
ENSG00000235578	0	0	0	0	0	0	0	0
ENSG00000235617	0	0	0	0	0	0	0	0
ENSG00000235647	0	0	0	0	0	0	0	0
ENSG00000235689	0	0	0	0	0	0	0	0
ENSG00000235759	0	0	0	0	0	0	0	0
ENSG00000235776	0	0	0	0	0	0	0	0
ENSG00000235786	0	0	0	0	0	0	0	0
ENSG00000235954	0	0	0	0	0	0	0	0
ENSG00000235969	0	0	0	0	0	0	0	0
ENSG00000235989	0	0	0	0	0	0	0	0
ENSG00000235992	0	0	0	0	0	0	0	0
ENSG00000236003	0	0	0	0	0	0	0	0
ENSG00000236052	0	0	0	0	0	0	0	0
ENSG00000236054	0	0	0	0	0	0	0	0
ENSG00000236079	0	0	0	0	0	0	0	0
ENSG00000236097	0	0	0	0	0	0	0	0
ENSG00000236117	0	0	0	0	0	0	0	0
ENSG00000236118	0	0	0	0	0	0	0	0
ENSG00000236132	0	0	0	0	0	0	0	0
ENSG00000236235	0	0	0	0	0	0	0	0
ENSG00000236272	0	0	0	0	0	0	0	0
ENSG00000236323	0	0	0	0	0	0	0	0
ENSG00000236325	0	0	0	0	0	0	0	0
ENSG00000236464	0	0	0	0	0	0	0	0
ENSG00000236499	0	0	0	0	0	0	0	0
ENSG00000236540	0	0	0	0	0	0	0	0
ENSG00000236611	0	0	0	0	0	0	0	0
ENSG00000236641	0	0	0	0	0	0	0	0
ENSG00000236666	0	0	0	0	0	0	0	0
ENSG00000236670	0	0	0	0	0	0	0	0
ENSG00000236754	0	0	0	0	0	0	0	0
ENSG00000236794	0	0	0	0	0	0	0	0
ENSG00000236831	0	0	0	0	0	0	0	0
ENSG00000236858	0	0	0	0	0	0	0	0
ENSG00000236867	0	0	0	0	0	0	0	0
ENSG00000236890	0	0	0	0	0	0	0	0
ENSG00000237015	0	0	0	0	0	0	0	0
ENSG00000237037	0	0	0	0	0	0	0	0
ENSG00000237127	0	0	0	0	0	0	0	0
ENSG00000237129	0	0	0	0	0	0	0	0
ENSG00000237214	0	0	0	0	0	0	0	0
ENSG00000237299	0	0	0	0	0	0	0	0
ENSG00000237316	0	0	0	0	0	0	0	0
ENSG00000237347	0	0	0	0	0	0	0	0
ENSG00000237358	0	0	0	0	0	0	0	0
ENSG00000237387	0	0	0	0	0	0	0	0
ENSG00000237406	0	0	0	0	0	0	0	0
ENSG00000237407	0	0	0	0	0	0	0	0
ENSG00000237428	0	0	0	0	0	0	0	0
ENSG00000237438	0	0	0	0	0	0	0	0
ENSG00000237439	0	0	0	0	0	0	0	0
ENSG00000237446	0	0	0	0	0	0	0	0
ENSG00000237472	0	0	0	0	0	0	0	0
ENSG00000237476	0	0	0	0	0	0	0	0
ENSG00000237517	0	0	0	0	0	0	0	0
ENSG00000237601	0	0	0	0	0	0	0	0
ENSG00000237668	0	0	0	0	0	0	0	0
ENSG00000237689	0	0	0	0	0	0	0	0
ENSG00000237835	0	0	0	0	0	0	0	0
ENSG00000237862	0	0	0	0	0	0	0	0
ENSG00000237948	0	0	0	0	0	0	0	0
ENSG00000237977	0	0	0	0	0	0	0	0
ENSG00000238120	0	0	0	0	0	0	0	0
ENSG00000238125	0	0	0	0	0	0	0	0
ENSG00000238153	0	0	0	0	0	0	0	0
ENSG00000238192	0	0	0	0	0	0	0	0
ENSG00000238195	0	0	0	0	0	0	0	0
ENSG00000238498	0	0	0	0	0	0	0	0
ENSG00000238584	0	0	0	0	0	0	0	0
ENSG00000238875	0	0	0	0	0	0	0	0
ENSG00000239127	0	0	0	0	0	0	0	0
ENSG00000239249	0	0	0	0	0	0	0	0
ENSG00000239282	106	159	160	182	87	185	212	99
ENSG00000239435	0	0	0	0	0	0	0	0
ENSG00000239446	0	0	0	0	0	0	0	0
ENSG00000239511	0	0	0	0	0	0	0	0
ENSG00000239547	0	0	0	0	0	0	0	0
ENSG00000239674	0	0	0	0	0	0	0	0
ENSG00000239713	0	0	0	0	0	0	0	0
ENSG00000239900	866	809	882	902	774	723	701	676
ENSG00000239989	0	0	0	0	0	0	0	0
ENSG00000240122	0	0	0	0	0	0	0	0
ENSG00000240160	0	0	0	0	0	0	0	0
ENSG00000240186	0	0	0	0	0	0	0	0
ENSG00000240591	0	0	0	0	0	0	0	0
ENSG00000240647	0	0	0	0	0	0	0	0
ENSG00000240972	0	0	0	0	0	0	0	0
ENSG00000241333	0	0	0	0	0	0	0	0
ENSG00000241360	0	0	0	0	0	0	0	0
ENSG00000241484	478	525	391	437	320	283	358	340
ENSG00000241527	0	0	0	0	0	0	0	0
ENSG00000241693	0	0	0	0	0	0	0	0
ENSG00000241717	0	0	0	0	0	0	0	0
ENSG00000241832	0	0	0	0	0	0	0	0
ENSG00000241838	0	0	0	0	0	0	0	0
ENSG00000241878	38	37	35	30	68	42	41	58
ENSG00000241954	0	0	0	0	0	0	0	0
ENSG00000241973	239	255	259	256	260	302	251	208
ENSG00000241990	0	0	0	0	0	0	0	0
ENSG00000242082	0	0	0	0	0	0	0	0
ENSG00000242114	105	96	102	91	101	111	91	145
ENSG00000242156	0	0	0	0	0	0	0	0
ENSG00000242247	173	162	190	227	368	314	318	312
ENSG00000242251	0	0	0	0	0	0	0	0
ENSG00000242259	137	112	100	136	109	168	143	128
ENSG00000242876	0	0	0	0	0	0	0	0
ENSG00000243156	546	555	548	487	610	553	648	582
ENSG00000243519	0	0	0	0	0	0	0	0
ENSG00000243762	0	0	0	0	0	0	0	0
ENSG00000243811	127	87	101	129	100	99	135	118
ENSG00000243902	0	0	0	0	0	0	0	0
ENSG00000244296	0	0	0	0	0	0	0	0
ENSG00000244425	0	0	0	0	0	0	0	0
ENSG00000244486	0	0	0	0	0	0	0	0
ENSG00000244491	0	0	0	0	0	0	0	0
ENSG00000244509	0	0	0	0	0	0	0	0
ENSG00000244625	0	0	0	0	0	0	0	0
ENSG00000244627	0	0	0	0	0	0	0	0
ENSG00000244671	0	0	0	0	0	0	0	0
ENSG00000244723	0	0	0	0	0	0	0	0
ENSG00000244752	68	141	147	132	125	139	114	155
ENSG00000248405	0	0	0	0	0	0	0	0
ENSG00000248409	0	0	0	0	0	0	0	0
ENSG00000248751	82	96	79	62	220	131	121	201
ENSG00000249222	0	0	0	0	0	0	0	0
ENSG00000249263	0	0	0	0	0	0	0	0
ENSG00000249288	0	0	0	0	0	0	0	0
ENSG00000249310	0	0	0	0	0	0	0	0
ENSG00000249333	0	0	0	0	0	0	0	0
ENSG00000249590	81	57	58	30	92	74	55	86
ENSG00000249680	0	0	0	0	0	0	0	0
ENSG00000249923	0	0	0	0	0	0	0	0
ENSG00000250261	0	0	0	0	0	0	0	0
ENSG00000250318	0	0	0	0	0	0	0	0
ENSG00000250470	0	0	0	0	0	0	0	0
ENSG00000250479	0	0	0	0	0	0	0	0
ENSG00000251322	1101	931	1055	1081	948	925	1002	1020
ENSG00000251357	0	0	0	0	0	0	0	0
ENSG00000251890	0	0	0	0	0	0	0	0
ENSG00000251913	0	0	0	0	0	0	0	0
ENSG00000251940	0	0	0	0	0	0	0	0
ENSG00000251952	0	0	0	0	0	0	0	0
ENSG00000251985	0	0	0	0	0	0	0	0
ENSG00000252020	0	0	0	0	0	0	0	0
ENSG00000252143	0	0	0	0	0	0	0	0
ENSG00000252225	0	0	0	0	0	0	0	0
ENSG00000252267	0	0	0	0	0	0	0	0
ENSG00000252412	0	0	0	0	0	0	0	0
ENSG00000252603	0	0	0	0	0	0	0	0
ENSG00000252859	0	0	0	0	0	0	0	0
ENSG00000252909	0	0	0	0	0	0	0	0
ENSG00000253007	0	0	0	0	0	0	0	0
ENSG00000253120	0	0	0	0	0	0	0	0
ENSG00000253126	0	0	0	0	0	0	0	0
ENSG00000253152	0	0	0	0	0	0	0	0
ENSG00000253234	0	0	0	0	0	0	0	0
ENSG00000253239	0	0	0	0	0	0	0	0
ENSG00000253242	0	0	0	0	0	0	0	0
ENSG00000253329	0	0	0	0	0	0	0	0
ENSG00000253338	0	0	0	0	0	0	0	0
ENSG00000253352	0	0	0	0	0	0	0	0
ENSG00000253448	0	0	0	0	0	0	0	0
ENSG00000253451	0	0	0	0	0	0	0	0
ENSG00000253460	0	0	0	0	0	0	0	0
ENSG00000253481	0	0	0	0	0	0	0	0
ENSG00000253546	0	0	0	0	0	0	0	0
ENSG00000253590	0	0	0	0	0	0	0	0
ENSG00000253631	0	0	0	0	0	0	0	0
ENSG00000253637	0	0	0	0	0	0	0	0
ENSG00000253691	0	0	0	0	0	0	0	0
ENSG00000253752	0	0	0	0	0	0	0	0
ENSG00000253779	0	0	0	0	0	0	0	0
ENSG00000253786	0	0	0	0	0	0	0	0
ENSG00000253794	0	0	0	0	0	0	0	0
ENSG00000253818	0	0	0	0	0	0	0	0
ENSG00000253822	0	0	0	0	0	0	0	0
ENSG00000253823	0	0	0	0	0	0	0	0
ENSG00000253874	0	0	0	0	0	0	0	0
ENSG00000253889	0	0	0	0	0	0	0	0
ENSG00000253913	0	0	0	0	0	0	0	0
ENSG00000253920	0	0	0	0	0	0	0	0
ENSG00000253935	0	0	0	0	0	0	0	0
ENSG00000253963	0	0	0	0	0	0	0	0
ENSG00000254029	0	0	0	0	0	0	0	0
ENSG00000254030	0	0	0	0	0	0	0	0
ENSG00000254073	0	0	0	0	0	0	0	0
ENSG00000254075	0	0	0	0	0	0	0	0
ENSG00000254077	0	0	0	0	0	0	0	0
ENSG00000254127	0	0	0	0	0	0	0	0
ENSG00000254161	0	0	0	0	0	0	0	0
ENSG00000254175	0	0	0	0	0	0	0	0
ENSG00000254240	0	0	0	0	0	0	0	0
ENSG00000254264	0	0	0	0	0	0	0	0
ENSG00000254308	0	0	0	0	0	0	0	0
ENSG00000254355	0	0	0	0	0	0	0	0
ENSG00000254413	0	0	0	0	0	0	0	0
ENSG00000254499	0	0	0	0	0	0	0	0
ENSG00000254709	0	0	0	0	0	0	0	0
ENSG00000254835	0	0	0	0	0	0	0	0
ENSG00000255156	0	0	0	0	0	0	0	0
ENSG00000258555	231	230	176	180	176	218	225	179
ENSG00000259271	0	0	0	0	0	0	0	0
ENSG00000259421	0	0	0	0	0	0	0	0
ENSG00000260613	0	0	0	0	0	0	0	0
ENSG00000260708	0	0	0	0	0	0	0	0
ENSG00000260924	0	0	0	0	0	0	0	0
ENSG00000261188	0	0	0	0	0	0	0	0
ENSG00000261202	0	0	0	0	0	0	0	0
ENSG00000261251	0	0	0	0	0	0	0	0
ENSG00000261675	0	0	0	0	0	0	0	0
ENSG00000263366	0	0	0	0	0	0	0	0
ENSG00000263764	0	0	0	0	0	0	0	0
ENSG00000264073	0	0	0	0	0	0	0	0
ENSG00000264139	0	0	0	0	0	0	0	0
ENSG00000264141	0	0	0	0	0	0	0	0
ENSG00000264160	0	0	0	0	0	0	0	0
ENSG00000264346	0	0	0	0	0	0	0	0
ENSG00000264661	0	0	0	0	0	0	0	0
ENSG00000264757	0	0	0	0	0	0	0	0
ENSG00000264824	0	0	0	0	0	0	0	0
ENSG00000266012	0	0	0	0	0	0	0	0
ENSG00000266320	0	0	0	0	0	0	0	0
ENSG00000266503	0	0	0	0	0	0	0	0
ENSG00000266508	0	0	0	0	0	0	0	0
ENSG00000266533	0	0	0	0	0	0	0	0
ENSG00000266594	0	0	0	0	0	0	0	0
ENSG00000266887	0	0	0	0	0	0	0	0
ENSG00000267338	0	0	0	0	0	0	0	0
ENSG00000268292	0	0	0	0	0	0	0	0
ENSG00000268812	0	0	0	0	0	0	0	0
ENSG00000268818	0	0	0	0	0	0	0	0
ENSG00000269220	0	0	0	0	0	0	0	0
ENSG00000269972	0	0	0	0	0	0	0	0
ENSG00000269987	0	0	0	0	0	0	0	0
ENSG00000270022	0	0	0	0	0	0	0	0
ENSG00000270083	0	0	0	0	0	0	0	0
ENSG00000270226	0	0	0	0	0	0	0	0
ENSG00000270393	0	0	0	0	0	0	0	0
ENSG00000271093	0	0	0	0	0	0	0	0
ENSG00000271127	0	0	0	0	0	0	0	0
ENSG00000271138	0	0	0	0	0	0	0	0
ENSG00000271181	0	0	0	0	0	0	0	0
ENSG00000271275	0	0	0	0	0	0	0	0
ENSG00000271672	0	0	0	0	0	0	0	0
ENSG00000272578	0	0	0	0	0	0	0	0
ENSG00000272582	0	0	0	0	0	0	0	0
ENSG00000272600	0	0	0	0	0	0	0	0
ENSG00000272666	0	0	0	0	0	0	0	0
ENSG00000272669	0	0	0	0	0	0	0	0
ENSG00000272682	0	0	0	0	0	0	0	0
ENSG00000272689	0	0	0	0	0	0	0	0
ENSG00000272694	0	0	0	0	0	0	0	0
ENSG00000272720	0	0	0	0	0	0	0	0
ENSG00000272733	0	0	0	0	0	0	0	0
ENSG00000272779	0	0	0	0	0	0	0	0
ENSG00000272787	0	0	0	0	0	0	0	0
ENSG00000272798	0	0	0	0	0	0	0	0
ENSG00000272821	0	0	0	0	0	0	0	0
ENSG00000272829	0	0	0	0	0	0	0	0
ENSG00000272834	0	0	0	0	0	0	0	0
ENSG00000272836	0	0	0	0	0	0	0	0
ENSG00000272858	0	0	0	0	0	0	0	0
ENSG00000272872	0	0	0	0	0	0	0	0
ENSG00000272940	0	0	0	0	0	0	0	0
ENSG00000272942	0	0	0	0	0	0	0	0
ENSG00000272954	0	0	0	0	0	0	0	0
ENSG00000272973	0	0	0	0	0	0	0	0
ENSG00000272977	0	0	0	0	0	0	0	0
ENSG00000273032	0	0	0	0	0	0	0	0
ENSG00000273044	0	0	0	0	0	0	0	0
ENSG00000273068	0	0	0	0	0	0	0	0
ENSG00000273076	0	0	0	0	0	0	0	0
ENSG00000273082	0	0	0	0	0	0	0	0
ENSG00000273096	0	0	0	0	0	0	0	0
ENSG00000273137	0	0	0	0	0	0	0	0
ENSG00000273139	0	0	0	0	0	0	0	0
ENSG00000273145	0	0	0	0	0	0	0	0
ENSG00000273164	0	0	0	0	0	0	0	0
ENSG00000273176	0	0	0	0	0	0	0	0
ENSG00000273188	0	0	0	0	0	0	0	0
ENSG00000273192	0	0	0	0	0	0	0	0
ENSG00000273203	0	0	0	0	0	0	0	0
ENSG00000273212	0	0	0	0	0	0	0	0
ENSG00000273214	0	0	0	0	0	0	0	0
ENSG00000273216	0	0	0	0	0	0	0	0
ENSG00000273243	0	0	0	0	0	0	0	0
ENSG00000273244	0	0	0	0	0	0	0	0
ENSG00000273253	0	0	0	0	0	0	0	0
ENSG00000273272	0	0	0	0	0	0	0	0
ENSG00000273287	0	0	0	0	0	0	0	0
ENSG00000273289	0	0	0	0	0	0	0	0
ENSG00000273295	0	0	0	0	0	0	0	0
ENSG00000273300	0	0	0	0	0	0	0	0
ENSG00000273311	0	0	0	0	0	0	0	0
ENSG00000273325	0	0	0	0	0	0	0	0
ENSG00000273342	0	0	0	0	0	0	0	0
ENSG00000273343	0	0	0	0	0	0	0	0
ENSG00000273350	0	0	0	0	0	0	0	0
ENSG00000273353	0	0	0	0	0	0	0	0
ENSG00000273362	0	0	0	0	0	0	0	0
ENSG00000273387	0	0	0	0	0	0	0	0
ENSG00000273424	0	0	0	0	0	0	0	0
ENSG00000273428	0	0	0	0	0	0	0	0
ENSG00000273442	0	0	0	0	0	0	0	0
ENSG00000273643	0	0	0	0	0	0	0	0
ENSG00000273846	0	0	0	0	0	0	0	0
ENSG00000273866	0	0	0	0	0	0	0	0
ENSG00000273899	89	120	100	117	120	81	149	130
ENSG00000273907	0	0	0	0	0	0	0	0
ENSG00000273979	0	0	0	0	0	0	0	0
ENSG00000274044	0	0	0	0	0	0	0	0
ENSG00000274170	0	0	0	0	0	0	0	0
ENSG00000274252	0	0	0	0	0	0	0	0
ENSG00000274280	0	0	0	0	0	0	0	0
ENSG00000274342	0	0	0	0	0	0	0	0
ENSG00000274381	0	0	0	0	0	0	0	0
ENSG00000274422	0	0	0	0	0	0	0	0
ENSG00000274552	0	0	0	0	0	0	0	0
ENSG00000274600	0	0	0	0	0	0	0	0
ENSG00000274602	0	0	0	0	1	2	0	0
ENSG00000274617	0	0	0	0	0	0	0	0
ENSG00000274625	0	0	0	0	0	0	0	0
ENSG00000274717	0	0	0	0	0	0	0	0
ENSG00000275004	288	316	296	341	314	319	269	407
ENSG00000275060	0	0	0	0	0	0	0	0
ENSG00000275293	0	0	0	0	0	0	0	0
ENSG00000275307	0	0	0	0	0	0	0	0
ENSG00000275319	0	0	0	0	0	0	0	0
ENSG00000275361	0	0	0	0	0	0	0	0
ENSG00000275362	0	0	0	0	0	0	0	0
ENSG00000275609	0	0	0	0	0	0	0	0
ENSG00000275635	0	0	0	0	0	0	0	0
ENSG00000275656	0	0	0	0	0	0	0	0
ENSG00000275772	0	0	0	0	0	0	0	0
ENSG00000275793	0	0	0	0	0	0	0	0
ENSG00000275818	0	0	0	0	0	0	0	0
ENSG00000275840	0	0	0	0	0	0	0	0
ENSG00000275942	0	0	0	0	0	0	0	0
ENSG00000276027	0	0	0	0	0	0	0	0
ENSG00000276057	0	0	0	0	0	0	0	0
ENSG00000276095	0	0	0	0	0	0	0	0
ENSG00000276138	0	0	0	0	0	0	0	0
ENSG00000276150	0	0	0	0	0	0	0	0
ENSG00000276160	0	0	0	0	0	0	0	0
ENSG00000276162	0	0	0	0	0	0	0	0
ENSG00000276400	0	0	0	0	0	0	0	0
ENSG00000276427	0	0	0	0	0	0	0	0
ENSG00000276664	0	0	0	0	0	0	0	0
ENSG00000276675	0	0	0	0	0	0	0	0
ENSG00000276753	0	0	0	0	0	0	0	0
ENSG00000276800	0	0	0	0	0	0	0	0
ENSG00000276871	0	0	0	0	0	0	0	0
ENSG00000276874	0	0	0	0	0	0	0	0
ENSG00000276950	162	128	142	168	145	180	160	162
ENSG00000276965	0	0	0	0	0	0	0	0
ENSG00000276991	0	0	0	0	0	0	0	0
ENSG00000277017	0	0	0	0	0	0	0	0
ENSG00000277232	0	0	0	0	0	0	0	0
ENSG00000277248	0	0	0	0	0	0	0	0
ENSG00000277385	0	0	0	0	0	0	0	0
ENSG00000277460	0	0	0	0	0	0	0	0
ENSG00000277690	0	0	0	0	0	0	0	0
ENSG00000277771	0	0	0	0	0	0	0	0
ENSG00000277870	0	0	0	0	0	0	0	0
ENSG00000277872	0	0	0	0	0	0	0	0
ENSG00000277941	0	0	0	0	0	0	0	0
ENSG00000277950	0	0	0	0	0	0	0	0
ENSG00000277971	9	28	27	52	30	46	26	49
ENSG00000278008	0	0	0	0	0	0	0	0
ENSG00000278044	0	0	0	0	0	0	0	0
ENSG00000278110	0	0	0	0	0	0	0	0
ENSG00000278188	0	0	0	0	0	0	0	0
ENSG00000278195	202	221	205	254	287	249	230	206
ENSG00000278196	0	0	0	0	0	0	0	0
ENSG00000278278	0	0	0	0	0	0	0	0
ENSG00000278292	0	0	0	0	0	0	0	0
ENSG00000278404	0	0	0	0	0	0	0	0
ENSG00000278420	0	0	0	0	0	0	0	0
ENSG00000278558	85	58	78	78	62	102	68	70
ENSG00000278655	0	0	0	0	0	0	0	0
ENSG00000278657	0	0	0	0	0	0	0	0
ENSG00000278667	0	0	0	0	0	0	0	0
ENSG00000278869	0	0	0	0	0	0	0	0
ENSG00000278881	0	0	0	0	0	0	0	0
ENSG00000278890	0	0	0	0	0	0	0	0
ENSG00000278920	0	0	0	0	0	0	0	0
ENSG00000278948	0	0	0	0	0	0	0	0
ENSG00000278960	0	0	0	0	0	0	0	0
ENSG00000279006	0	0	0	0	0	0	0	0
ENSG00000279080	0	0	0	0	1	0	0	0
ENSG00000279085	0	0	0	0	0	0	0	0
ENSG00000279110	0	0	0	0	0	0	0	0
ENSG00000279159	1	1	0	0	1	2	1	0
ENSG00000279175	0	0	0	0	0	0	0	0
ENSG00000279182	0	0	0	0	0	0	0	0
ENSG00000279217	0	0	0	0	0	0	0	0
ENSG00000279278	0	0	0	0	0	0	0	0
ENSG00000279298	0	0	0	0	0	0	0	0
ENSG00000279345	0	0	0	0	0	0	0	0
ENSG00000279440	0	0	0	0	0	0	0	0
ENSG00000279442	0	0	0	0	0	0	0	0
ENSG00000279467	0	0	0	0	0	0	0	0
ENSG00000279494	0	0	0	0	0	0	0	0
ENSG00000279548	0	0	0	0	0	0	0	0
ENSG00000279597	0	0	0	0	0	0	0	0
ENSG00000279642	0	0	0	0	0	0	0	0
ENSG00000279652	0	0	0	0	0	0	0	0
ENSG00000279699	0	0	0	0	0	0	0	0
ENSG00000279712	0	0	0	0	0	0	0	0
ENSG00000279714	0	0	0	0	0	0	0	0
ENSG00000279738	0	1	1	0	1	2	0	0
ENSG00000279805	0	0	0	0	0	0	0	0
ENSG00000279833	0	0	0	0	0	0	0	0
ENSG00000279848	0	0	0	0	0	0	0	0
ENSG00000279914	0	0	0	0	0	0	0	0
ENSG00000279920	0	0	0	0	0	0	0	0
ENSG00000279927	0	0	0	0	0	0	0	0
ENSG00000279933	0	0	0	0	0	0	0	0
ENSG00000279954	0	0	0	0	0	0	0	0
ENSG00000279973	0	0	0	0	0	0	0	0
ENSG00000279987	0	0	0	0	0	0	0	0
ENSG00000280007	1	0	0	1	0	0	1	1
ENSG00000280011	0	0	0	0	0	0	0	0
ENSG00000280025	0	0	0	0	0	0	0	0
ENSG00000280080	0	0	0	0	0	0	0	0
ENSG00000280199	0	0	0	0	0	0	0	0
ENSG00000280216	0	0	0	0	0	0	0	0
ENSG00000280224	0	0	0	0	0	0	0	0
ENSG00000280263	0	0	0	0	0	0	0	0
ENSG00000280312	0	0	0	0	0	0	0	0
ENSG00000280341	0	0	0	0	0	0	0	0
ENSG00000280356	0	0	0	0	0	0	0	0
ENSG00000280383	0	0	0	0	0	0	0	0
ENSG00000280384	0	0	0	0	0	0	0	0
ENSG00000280395	0	0	0	0	0	0	0	0
ENSG00000280418	0	0	0	0	0	0	0	0
ENSG00000280424	0	0	0	0	0	0	0	0
ENSG00000280434	0	0	0	0	0	0	0	0
ENSG00000280445	0	0	0	0	0	0	0	0
ENSG00000280623	0	0	0	0	0	0	0	0
ENSG00000280968	0	0	0	0	0	0	0	0
ENSG00000281295	0	0	0	0	0	0	0	0
ENSG00000281530	0	0	0	0	0	0	0	0
ENSG00000281538	0	0	0	0	0	0	0	0
ENSG00000281548	0	0	0	0	0	0	0	0
ENSG00000281732	0	0	0	0	0	0	0	0
ENSG00000282012	0	0	0	0	0	0	0	0
ENSG00000282041	0	0	0	0	0	0	0	0
ENSG00000282602	0	0	0	0	0	0	0	0
ENSG00000282816	0	0	0	0	0	0	0	0
ENSG00000283023	0	0	0	0	0	0	0	0
ENSG00000283047	0	0	0	0	0	0	0	0
ENSG00000283145	0	0	0	0	0	0	0	0
ENSG00000283225	0	0	0	0	0	0	0	0
ENSG00000283366	0	0	0	0	0	0	0	0
ENSG00000283438	0	0	0	0	0	0	0	0
ENSG00000283535	0	0	0	0	0	0	0	0
ENSG00000283583	0	0	0	0	0	0	0	0
ENSG00000283633	0	0	0	0	0	0	0	0
ENSG00000283809	0	0	0	0	0	0	0	0
ENSG00000283829	0	0	0	0	0	0	0	0
ENSG00000283871	0	0	0	0	0	0	0	0
ENSG00000283900	0	0	0	0	0	0	0	0
ENSG00000283972	0	0	0	0	0	0	0	0
ENSG00000283990	0	0	0	0	0	0	0	0
ENSG00000284015	0	0	0	0	0	0	0	0
ENSG00000284031	0	0	0	0	0	0	0	0
ENSG00000284049	0	0	0	0	0	0	0	0
ENSG00000284060	0	0	0	0	0	0	0	0
ENSG00000284070	0	0	0	0	0	0	0	0
ENSG00000284082	0	0	0	0	0	0	0	0
ENSG00000284128	0	0	0	0	0	0	0	0
ENSG00000284130	0	0	0	0	0	0	0	0
ENSG00000284140	0	0	0	0	0	0	0	0
ENSG00000284175	0	0	0	0	0	0	0	0
ENSG00000284194	135	146	182	164	195	141	196	166
ENSG00000284197	0	0	0	0	0	0	0	0
ENSG00000284233	0	0	0	0	0	0	0	0
ENSG00000284266	0	0	0	0	0	0	0	0
ENSG00000284289	0	0	0	0	0	0	0	0
ENSG00000284294	0	0	0	0	0	0	0	0
ENSG00000284431	0	1	0	0	0	0	0	0
ENSG00000284464	0	0	0	0	0	0	0	0
ENSG00000284520	0	0	0	0	0	0	0	0
ENSG00000284554	0	0	0	0	0	0	0	0
ENSG00000284621	0	0	0	0	0	0	0	0
ENSG00000284630	0	0	0	0	0	0	0	0
ENSG00000284633	0	0	0	0	0	0	0	0
ENSG00000284651	0	0	0	0	0	0	0	0
ENSG00000284654	0	0	0	0	0	0	0	0
ENSG00000284665	0	0	0	0	0	0	0	0
ENSG00000284874	0	0	0	0	0	0	0	0
ENSG00000285025	36	27	40	39	39	43	57	44
ENSG00000285045	0	0	0	0	0	0	0	0
ENSG00000285304	0	0	0	0	0	0	0	0
ENSG00000285314	0	0	0	0	0	0	0	0
ENSG00000285404	12	0	18	0	0	0	0	0
ENSG00000285531	0	0	0	0	0	0	0	0
ENSG00000285623	0	0	0	0	0	0	0	0
ENSG00000285690	0	0	0	0	0	0	0	0
ENSG00000285697	0	0	0	0	0	0	0	0
ENSG00000285707	0	0	0	0	0	0	0	0
ENSG00000285722	0	0	0	0	0	0	0	0
ENSG00000285762	0	0	0	0	0	0	0	0
ENSG00000285855	0	0	0	0	0	0	0	0
ENSG00000285968	0	0	0	0	0	0	0	0
ENSG00000286025	0	0	0	0	0	0	0	0
ENSG00000286070	551	509	662	513	706	556	626	679
ENSG00000286102	0	0	0	0	0	0	0	0
ENSG00000286127	0	0	0	0	0	0	0	0
ENSG00000286129	0	0	0	0	0	0	0	0
ENSG00000286144	0	0	0	0	0	0	0	0
ENSG00000286175	0	0	0	0	0	0	0	0
ENSG00000286195	0	0	0	0	0	0	0	0
ENSG00000286326	0	0	0	0	0	0	0	0
ENSG00000286365	0	0	0	0	0	0	0	0
ENSG00000286367	0	0	1	0	0	0	0	1
ENSG00000286381	0	0	0	0	0	0	0	0
ENSG00000286393	0	0	0	0	0	0	0	0
ENSG00000286406	0	0	0	0	0	0	0	0
ENSG00000286440	0	0	0	0	0	0	0	0
ENSG00000286485	0	0	0	0	0	0	0	0
ENSG00000286491	0	0	0	0	0	0	0	0
ENSG00000286508	0	0	0	0	0	0	0	0
ENSG00000286592	0	0	0	0	0	0	0	0
ENSG00000286659	0	0	0	0	0	0	0	0
ENSG00000286801	0	0	0	0	0	0	0	0
ENSG00000286941	0	0	0	0	0	0	0	0
ENSG00000286990	0	0	0	0	0	0	0	0
ENSG00000287034	0	0	0	0	0	0	0	0
ENSG00000287146	0	0	0	0	0	0	0	0
ENSG00000287219	0	0	0	0	0	0	0	0
ENSG00000287225	0	0	0	0	0	0	0	0
ENSG00000287236	0	0	0	0	0	0	0	0
ENSG00000287269	0	0	0	0	0	0	0	0
ENSG00000287285	0	0	0	0	0	0	0	0
ENSG00000287446	0	0	0	0	0	0	0	0
ENSG00000287652	0	0	0	0	0	0	0	0
ENSG00000287773	0	0	0	0	0	0	0	0
ENSG00000287817	0	0	0	0	0	0	0	0
ENSG00000287864	0	0	0	0	0	0	0	0
ENSG00000287967	0	0	0	0	0	0	0	0
ENSG00000288024	0	0	0	0	0	0	0	0
ENSG00000288106	0	0	0	0	0	0	0	0
ENSG00000288153	0	0	0	0	0	0	0	0
ENSG00000288262	0	0	0	0	0	0	0	0
